,rollout/ep_rew_mean,rollout/success rate,time/fps,train/actor_loss,train/critic_loss,train/learning_rate,eval/mean_ep_length,eval/mean_reward,eval/success_rate,rollout/ep_len_mean
0,-57.230079650878906,0.0,241.0,0.563595175743103,0.035932507365942,9.999999747378752e-05,100.0,-54.51321029663086,0.0,100.0
1,-55.47144317626953,0.0,196.0,1.197265863418579,0.03303037956357002,9.999999747378752e-05,100.0,-54.72764587402344,0.0,100.0
2,-54.83420944213867,0.0,146.0,1.611431360244751,0.052356187254190445,9.999999747378752e-05,100.0,-34.70530319213867,0.0,100.0
3,-54.652069091796875,0.0,150.0,2.015651226043701,0.07067254185676575,9.999999747378752e-05,100.0,-61.91572189331055,0.0,100.0
4,-54.5369758605957,0.0,137.0,2.4435184001922607,0.07716941088438034,9.999999747378752e-05,100.0,-61.916175842285156,0.0,100.0
5,-54.45283508300781,0.0,142.0,2.9277400970458984,0.1388859897851944,9.999999747378752e-05,100.0,-69.8727798461914,0.0,100.0
6,-52.93918991088867,0.0,145.0,3.327629804611206,0.17732447385787964,9.999999747378752e-05,100.0,-64.51594543457031,0.0,100.0
7,-50.59362030029297,0.0,138.0,3.657644033432007,0.1332547515630722,9.999999747378752e-05,100.0,-45.484962463378906,0.0,100.0
8,-49.27692413330078,0.0,141.0,3.9292640686035156,0.1836296021938324,9.999999747378752e-05,100.0,-66.87830352783203,0.0,100.0
9,-50.50102615356445,0.0,137.0,4.163428783416748,0.20339779555797577,9.999999747378752e-05,100.0,-52.21830749511719,0.0,100.0
10,-51.49885177612305,0.0,139.0,4.546350479125977,0.21795755624771118,9.999999747378752e-05,100.0,-39.47126388549805,0.0,100.0
11,-52.31780242919922,0.0,141.0,4.984616279602051,0.26955220103263855,9.999999747378752e-05,100.0,-33.512489318847656,0.0,100.0
12,-53.008575439453125,0.0,137.0,5.392752170562744,0.2431323379278183,9.999999747378752e-05,100.0,-32.80653762817383,0.0,100.0
13,-54.32265853881836,0.0,139.0,5.821980953216553,0.3121454417705536,9.999999747378752e-05,100.0,-32.289798736572266,0.0,100.0
14,-55.193111419677734,0.0,136.0,6.182878017425537,0.34862256050109863,9.999999747378752e-05,100.0,-33.4268913269043,0.0,100.0
15,-56.25374984741211,0.0,137.0,6.5548906326293945,0.35507407784461975,9.999999747378752e-05,100.0,-33.40037155151367,0.0,100.0
16,-57.0098762512207,0.0,139.0,6.982301235198975,0.3740588426589966,9.999999747378752e-05,100.0,-33.2825927734375,0.0,100.0
17,-57.24686813354492,0.0,136.0,7.2317328453063965,0.3308897018432617,9.999999747378752e-05,100.0,-32.32260513305664,0.0,100.0
18,-56.88308334350586,0.0,138.0,7.605984210968018,0.29513436555862427,9.999999747378752e-05,100.0,-32.310272216796875,0.0,100.0
19,-56.46429443359375,0.0,135.0,7.888546466827393,0.2974618077278137,9.999999747378752e-05,100.0,-32.37411880493164,0.0,100.0
20,-55.85720443725586,0.0,136.0,8.233497619628906,0.32755425572395325,9.999999747378752e-05,100.0,-32.36264419555664,0.0,100.0
21,-55.406959533691406,0.0,137.0,8.483741760253906,0.2771807312965393,9.999999747378752e-05,100.0,-34.34891128540039,0.0,100.0
22,-55.865478515625,0.0,135.0,8.784926414489746,0.28205129504203796,9.999999747378752e-05,100.0,-31.99414825439453,0.0,100.0
23,-56.19511413574219,0.0,137.0,9.128138542175293,0.2695111036300659,9.999999747378752e-05,100.0,-31.965845108032227,0.0,100.0
24,-56.16840744018555,0.0,134.0,9.492460250854492,0.29697373509407043,9.999999747378752e-05,100.0,-31.960981369018555,0.0,100.0
25,-55.68224334716797,0.0,135.0,9.782212257385254,0.3663620054721832,9.999999747378752e-05,100.0,-31.6854248046875,0.0,100.0
26,-55.20484161376953,0.0,136.0,9.945804595947266,0.2892320156097412,9.999999747378752e-05,100.0,-31.912628173828125,0.0,100.0
27,-54.59794616699219,0.0,135.0,10.0980863571167,0.29742002487182617,9.999999747378752e-05,100.0,-31.915597915649414,0.0,100.0
28,-53.82863235473633,0.0,136.0,10.471909523010254,0.2552263140678406,9.999999747378752e-05,100.0,-32.68052291870117,0.0,100.0
29,-53.00522994995117,0.0,134.0,10.501811981201172,0.2255045473575592,9.999999747378752e-05,100.0,-32.99415588378906,0.0,100.0
30,-52.14740753173828,0.0,135.0,10.672783851623535,0.2569304406642914,9.999999747378752e-05,100.0,-33.00928497314453,0.0,100.0
31,-51.673370361328125,0.0,136.0,10.87263298034668,0.23018959164619446,9.999999747378752e-05,100.0,-32.97639083862305,0.0,100.0
32,-51.59904861450195,0.0,135.0,10.92879581451416,0.21092550456523895,9.999999747378752e-05,100.0,-33.0986213684082,0.0,100.0
33,-51.32003402709961,0.0,136.0,10.991450309753418,0.1640831083059311,9.999999747378752e-05,100.0,-33.40083312988281,0.0,100.0
34,-50.125423431396484,0.0,134.0,11.184823989868164,0.18567979335784912,9.999999747378752e-05,100.0,-23.928606033325195,0.0,100.0
35,-48.9396858215332,0.0,135.0,11.161544799804688,0.17309167981147766,9.999999747378752e-05,100.0,-24.683563232421875,0.0,100.0
36,-47.803428649902344,0.0,136.0,11.413981437683105,0.13771353662014008,9.999999747378752e-05,100.0,-24.708694458007812,0.0,100.0
37,-46.66184997558594,0.0,135.0,11.484858512878418,0.1748957335948944,9.999999747378752e-05,100.0,-26.13776969909668,0.0,100.0
38,-45.1221923828125,0.0,135.0,11.72189712524414,0.12603595852851868,9.999999747378752e-05,100.0,-27.075923919677734,0.0,100.0
39,-43.74660873413086,0.0,134.0,11.648077011108398,0.13662509620189667,9.999999747378752e-05,100.0,-27.012210845947266,0.0,100.0
40,-42.178443908691406,0.0,135.0,11.684898376464844,0.15623047947883606,9.999999747378752e-05,100.0,-26.398876190185547,0.0,100.0
41,-40.729522705078125,0.0,136.0,11.87210464477539,0.12878762185573578,9.999999747378752e-05,100.0,-27.696889877319336,0.0,100.0
42,-39.57205581665039,0.0,135.0,11.906574249267578,0.17364485561847687,9.999999747378752e-05,100.0,-25.75414276123047,0.0,100.0
43,-38.82626724243164,0.0,135.0,12.116583824157715,0.12323196977376938,9.999999747378752e-05,100.0,-24.717063903808594,0.0,100.0
44,-38.15485763549805,0.0,135.0,12.070122718811035,0.12255192548036575,9.999999747378752e-05,100.0,-23.272964477539062,0.0,100.0
45,-37.675662994384766,0.0,135.0,12.365069389343262,0.12817715108394623,9.999999747378752e-05,100.0,-23.00677490234375,0.0,100.0
46,-37.111297607421875,0.0,136.0,12.378938674926758,0.10433218628168106,9.999999747378752e-05,100.0,-22.185495376586914,0.0,100.0
47,-35.73924255371094,0.0,135.0,12.395358085632324,0.15614615380764008,9.999999747378752e-05,100.0,-22.057506561279297,0.0,100.0
48,-34.45282745361328,0.0,136.0,12.611124038696289,0.18634723126888275,9.999999747378752e-05,100.0,-44.32379913330078,0.0,100.0
49,-33.50981140136719,0.0,135.0,12.542041778564453,0.1319807767868042,9.999999747378752e-05,100.0,-32.117767333984375,0.0,100.0
50,-32.98173141479492,0.0,135.0,12.661346435546875,0.12525250017642975,9.999999747378752e-05,100.0,-22.0024471282959,0.0,100.0
51,-32.58116149902344,0.0,136.0,12.646478652954102,0.1278117299079895,9.999999747378752e-05,100.0,-23.01051139831543,0.0,100.0
52,-32.314998626708984,0.0,135.0,12.734999656677246,0.15496675670146942,9.999999747378752e-05,100.0,-21.8240909576416,0.0,100.0
53,-32.232078552246094,0.0,136.0,12.843987464904785,0.19971510767936707,9.999999747378752e-05,100.0,-21.627424240112305,0.0,100.0
54,-32.22819900512695,0.0,135.0,12.662800788879395,0.16936369240283966,9.999999747378752e-05,100.0,-21.24884033203125,0.0,100.0
55,-32.2374267578125,0.0,136.0,12.954781532287598,0.1519515961408615,9.999999747378752e-05,100.0,-20.94642448425293,0.0,100.0
56,-32.24867630004883,0.0,136.0,12.973698616027832,0.13078735768795013,9.999999747378752e-05,100.0,-21.910083770751953,0.0,100.0
57,-32.221534729003906,0.0,135.0,12.868334770202637,0.1934473216533661,9.999999747378752e-05,100.0,-20.1239070892334,0.0,100.0
58,-32.20596694946289,0.0,136.0,13.173981666564941,0.15396739542484283,9.999999747378752e-05,100.0,-20.822214126586914,0.0,100.0
59,-32.196571350097656,0.0,135.0,13.006430625915527,0.17981675267219543,9.999999747378752e-05,100.0,-20.957075119018555,0.0,100.0
60,-32.18177032470703,0.0,135.0,13.052592277526855,0.20167754590511322,9.999999747378752e-05,100.0,-20.077638626098633,0.0,100.0
61,-32.126583099365234,0.0,136.0,13.080078125,0.15804743766784668,9.999999747378752e-05,100.0,-20.227407455444336,0.0,100.0
62,-32.0751838684082,0.0,135.0,13.026476860046387,0.18802103400230408,9.999999747378752e-05,100.0,-20.844636917114258,0.0,100.0
63,-32.002864837646484,0.0,135.0,13.134769439697266,0.1638677716255188,9.999999747378752e-05,100.0,-20.274757385253906,0.0,100.0
64,-31.933685302734375,0.0,135.0,13.218591690063477,0.18850645422935486,9.999999747378752e-05,100.0,-20.5804386138916,0.0,100.0
65,-31.862974166870117,0.0,135.0,13.292723655700684,0.13898132741451263,9.999999747378752e-05,100.0,-20.33644676208496,0.0,100.0
66,-31.792797088623047,0.0,136.0,13.17177963256836,0.1304304152727127,9.999999747378752e-05,100.0,-19.834190368652344,0.0,100.0
67,-31.751638412475586,0.0,135.0,13.359566688537598,0.1081695407629013,9.999999747378752e-05,100.0,-19.787975311279297,0.0,100.0
68,-31.73770523071289,0.0,135.0,13.248350143432617,0.11459764093160629,9.999999747378752e-05,100.0,-19.55816078186035,0.0,100.0
69,-31.716270446777344,0.0,135.0,13.444269180297852,0.10160090029239655,9.999999747378752e-05,100.0,-19.27174949645996,0.0,100.0
70,-31.690895080566406,0.0,135.0,13.331300735473633,0.1492624133825302,9.999999747378752e-05,100.0,-19.64641761779785,0.0,100.0
71,-31.666601181030273,0.0,136.0,13.403399467468262,0.1500815600156784,9.999999747378752e-05,100.0,-19.59531021118164,0.0,100.0
72,-31.668270111083984,0.0,135.0,13.371011734008789,0.1250123828649521,9.999999747378752e-05,100.0,-19.735776901245117,0.0,100.0
73,-31.64875602722168,0.0,135.0,13.655466079711914,0.10265590250492096,9.999999747378752e-05,100.0,-20.780672073364258,0.0,100.0
74,-31.637453079223633,0.0,135.0,13.528882026672363,0.07466626167297363,9.999999747378752e-05,100.0,-19.98657989501953,0.0,100.0
75,-31.663116455078125,0.0,135.0,13.394052505493164,0.07254063338041306,9.999999747378752e-05,100.0,-20.035478591918945,0.0,100.0
76,-31.701997756958008,0.0,136.0,13.538758277893066,0.0876409113407135,9.999999747378752e-05,100.0,-19.536165237426758,0.0,100.0
77,-31.73461151123047,0.0,135.0,13.435606956481934,0.07792707532644272,9.999999747378752e-05,100.0,-19.991573333740234,0.0,100.0
78,-31.719829559326172,0.0,135.0,13.517189025878906,0.10250907391309738,9.999999747378752e-05,100.0,-19.83974838256836,0.0,100.0
79,-31.683523178100586,0.0,135.0,13.43266487121582,0.12510620057582855,9.999999747378752e-05,100.0,-19.363298416137695,0.0,100.0
80,-31.669723510742188,0.0,135.0,13.721302032470703,0.09392885863780975,9.999999747378752e-05,100.0,-19.448097229003906,0.0,100.0
81,-31.677213668823242,0.0,135.0,13.645478248596191,0.16530750691890717,9.999999747378752e-05,100.0,-19.255332946777344,0.0,100.0
82,-31.72026824951172,0.0,135.0,13.583037376403809,0.05830264091491699,9.999999747378752e-05,100.0,-19.172975540161133,0.0,100.0
83,-31.776473999023438,0.0,135.0,13.632616996765137,0.0736330971121788,9.999999747378752e-05,100.0,-19.04270362854004,0.0,100.0
84,-31.82183837890625,0.0,135.0,13.455111503601074,0.13373111188411713,9.999999747378752e-05,100.0,-19.075428009033203,0.0,100.0
85,-31.754409790039062,0.0,135.0,13.516809463500977,0.07814987748861313,9.999999747378752e-05,100.0,-19.700693130493164,0.0,100.0
86,-31.395122528076172,0.0,135.0,13.477140426635742,0.0783349871635437,9.999999747378752e-05,100.0,-18.81160545349121,0.0,100.0
87,-31.06547737121582,0.0,135.0,13.349656105041504,0.07065741717815399,9.999999747378752e-05,100.0,-19.4058895111084,0.0,100.0
88,-30.78684425354004,0.0,135.0,13.477954864501953,0.07990288734436035,9.999999747378752e-05,100.0,-19.111438751220703,0.0,100.0
89,-30.530244827270508,0.0,135.0,13.230321884155273,0.11571548134088516,9.999999747378752e-05,100.0,-18.803369522094727,0.0,100.0
90,-30.284093856811523,0.0,135.0,13.110282897949219,0.07312340289354324,9.999999747378752e-05,100.0,-18.546234130859375,0.0,100.0
91,-30.048744201660156,0.0,135.0,13.055630683898926,0.08580823242664337,9.999999747378752e-05,100.0,-18.37994384765625,0.0,100.0
92,-29.801496505737305,0.0,135.0,12.98668098449707,0.0941733792424202,9.999999747378752e-05,100.0,-18.014829635620117,0.0,100.0
93,-29.549589157104492,0.0,135.0,12.966489791870117,0.06594008952379227,9.999999747378752e-05,100.0,-19.02961540222168,0.0,100.0
94,-29.344350814819336,0.0,135.0,12.787012100219727,0.0749867856502533,9.999999747378752e-05,100.0,-18.223600387573242,0.0,100.0
95,-29.14121437072754,0.0,135.0,12.872515678405762,0.11136709898710251,9.999999747378752e-05,100.0,-18.867103576660156,0.0,100.0
96,-28.940021514892578,0.0,135.0,12.569780349731445,0.05535710230469704,9.999999747378752e-05,100.0,-18.078454971313477,0.0,100.0
97,-28.729228973388672,0.0,135.0,12.561650276184082,0.05668671056628227,9.999999747378752e-05,100.0,-17.847623825073242,0.0,100.0
98,-28.53777313232422,0.0,135.0,12.610940933227539,0.05438200756907463,9.999999747378752e-05,100.0,-17.836666107177734,0.0,100.0
99,-28.33912467956543,0.0,134.0,12.510866165161133,0.0618654228746891,9.999999747378752e-05,100.0,-17.183738708496094,0.0,100.0
100,-28.106473922729492,0.0,135.0,12.61705493927002,0.056181613355875015,9.999999747378752e-05,100.0,-17.2091121673584,0.0,100.0
101,-27.882137298583984,0.0,135.0,12.358135223388672,0.06474097818136215,9.999999747378752e-05,100.0,-17.087553024291992,0.0,100.0
102,-27.638456344604492,0.0,134.0,12.592355728149414,0.10281357169151306,9.999999747378752e-05,100.0,-16.88173484802246,0.0,100.0
103,-27.400114059448242,0.0,135.0,12.509928703308105,0.09120368212461472,9.999999747378752e-05,100.0,-17.47311782836914,0.0,100.0
104,-27.17617416381836,0.0,134.0,12.586224555969238,0.04612421244382858,9.999999747378752e-05,100.0,-16.922969818115234,0.0,100.0
105,-26.96061134338379,0.0,134.0,12.484548568725586,0.043931812047958374,9.999999747378752e-05,100.0,-16.697975158691406,0.0,100.0
106,-26.714080810546875,0.0,135.0,12.493884086608887,0.047208014875650406,9.999999747378752e-05,100.0,-16.159250259399414,0.0,100.0
107,-26.429716110229492,0.0,134.0,12.416359901428223,0.052890196442604065,9.999999747378752e-05,100.0,-16.35304069519043,0.0,100.0
108,-26.121013641357422,0.0,135.0,12.32530689239502,0.04322411119937897,9.999999747378752e-05,100.0,-16.38091468811035,0.0,100.0
109,-25.776920318603516,0.0,134.0,12.401652336120605,0.03370695561170578,9.999999747378752e-05,100.0,-15.847784996032715,0.0,100.0
110,-25.52128791809082,0.0,134.0,12.341791152954102,0.03761595860123634,9.999999747378752e-05,100.0,-16.145795822143555,0.0,100.0
111,-25.538694381713867,0.0,135.0,12.381731033325195,0.03700380027294159,9.999999747378752e-05,100.0,-15.970785140991211,0.0,100.0
112,-25.531005859375,0.0,134.0,12.458252906799316,0.03527272865176201,9.999999747378752e-05,100.0,-15.933061599731445,0.0,100.0
113,-25.448915481567383,0.0,135.0,12.354913711547852,0.0746803805232048,9.999999747378752e-05,100.0,-15.707110404968262,0.0,100.0
114,-25.34501075744629,0.0,134.0,12.09892749786377,0.0374889113008976,9.999999747378752e-05,100.0,-15.893481254577637,0.0,100.0
115,-25.228124618530273,0.0,134.0,12.149730682373047,0.06239601597189903,9.999999747378752e-05,100.0,-15.889935493469238,0.0,100.0
116,-25.11674690246582,0.0,135.0,12.264418601989746,0.029248246923089027,9.999999747378752e-05,100.0,-15.86778736114502,0.0,100.0
117,-25.001834869384766,0.0,134.0,12.158591270446777,0.034173253923654556,9.999999747378752e-05,100.0,-15.511998176574707,0.0,100.0
118,-24.869426727294922,0.0,135.0,11.953734397888184,0.03861502185463905,9.999999747378752e-05,100.0,-15.592390060424805,0.0,100.0
119,-24.69272232055664,0.0,134.0,12.038263320922852,0.029795946553349495,9.999999747378752e-05,100.0,-15.679227828979492,0.0,100.0
120,-24.51238250732422,0.0,134.0,11.940834999084473,0.054107990115880966,9.999999747378752e-05,100.0,-15.617654800415039,0.0,100.0
121,-24.313446044921875,0.0,135.0,11.918842315673828,0.028672978281974792,9.999999747378752e-05,100.0,-15.447505950927734,0.0,100.0
122,-24.72435188293457,0.0,134.0,11.909588813781738,0.05208941921591759,9.999999747378752e-05,100.0,-15.432404518127441,0.0,100.0
123,-24.957454681396484,0.0,134.0,11.690488815307617,0.058326274156570435,9.999999747378752e-05,100.0,-15.28138542175293,0.0,100.0
124,-25.499507904052734,0.0,134.0,11.769940376281738,0.05712708830833435,9.999999747378752e-05,100.0,-15.387652397155762,0.0,100.0
125,-25.48555564880371,0.0,134.0,11.731276512145996,0.04988798871636391,9.999999747378752e-05,100.0,-15.581862449645996,0.0,100.0
126,-25.2683048248291,0.0,134.0,11.860126495361328,0.03670152276754379,9.999999747378752e-05,100.0,-15.179926872253418,0.0,100.0
127,-25.062301635742188,0.0,134.0,11.831917762756348,0.04188695177435875,9.999999747378752e-05,100.0,-15.264531135559082,0.0,100.0
128,-24.864803314208984,0.0,134.0,11.767801284790039,0.036026421934366226,9.999999747378752e-05,100.0,-15.259966850280762,0.0,100.0
129,-24.67902946472168,0.0,134.0,11.831180572509766,0.06010725721716881,9.999999747378752e-05,100.0,-15.464350700378418,0.0,100.0
130,-24.458702087402344,0.0,134.0,11.64050579071045,0.038040317595005035,9.999999747378752e-05,100.0,-15.237732887268066,0.0,100.0
131,-24.251516342163086,0.0,134.0,11.630553245544434,0.039440009742975235,9.999999747378752e-05,100.0,-15.400270462036133,0.0,100.0
132,-24.08099365234375,0.0,134.0,11.779192924499512,0.04565499350428581,9.999999747378752e-05,100.0,-15.439377784729004,0.0,100.0
133,-23.936901092529297,0.0,134.0,11.69776725769043,0.03557940572500229,9.999999747378752e-05,100.0,-15.152186393737793,0.0,100.0
134,-23.82946014404297,0.0,134.0,11.686298370361328,0.046244971454143524,9.999999747378752e-05,100.0,-15.195737838745117,0.0,100.0
135,-23.729480743408203,0.0,134.0,11.67160701751709,0.03128936141729355,9.999999747378752e-05,100.0,-14.946239471435547,0.0,100.0
136,-23.651748657226562,0.0,134.0,11.514665603637695,0.029466787353157997,9.999999747378752e-05,100.0,-15.365575790405273,0.0,100.0
137,-23.563461303710938,0.0,134.0,11.594292640686035,0.03366665169596672,9.999999747378752e-05,100.0,-15.048392295837402,0.0,100.0
138,-23.50501251220703,0.0,134.0,11.57086181640625,0.03943441063165665,9.999999747378752e-05,100.0,-15.119897842407227,0.0,100.0
139,-23.466533660888672,0.0,134.0,11.418155670166016,0.030516397207975388,9.999999747378752e-05,100.0,-15.146635055541992,0.0,100.0
140,-23.411115646362305,0.0,134.0,11.496163368225098,0.032609742134809494,9.999999747378752e-05,100.0,-15.079317092895508,0.0,100.0
141,-23.379072189331055,0.0,134.0,11.460210800170898,0.026868557557463646,9.999999747378752e-05,100.0,-14.983546257019043,0.0,100.0
142,-23.34697723388672,0.0,134.0,11.422988891601562,0.030794434249401093,9.999999747378752e-05,100.0,-15.263437271118164,0.0,100.0
143,-23.324865341186523,0.0,134.0,11.410633087158203,0.06659704446792603,9.999999747378752e-05,100.0,-14.99039077758789,0.0,100.0
144,-23.269926071166992,0.0,134.0,11.327775001525879,0.0476490743458271,9.999999747378752e-05,100.0,-15.375800132751465,0.0,100.0
145,-23.21965980529785,0.0,134.0,11.363642692565918,0.021626554429531097,9.999999747378752e-05,100.0,-15.115865707397461,0.0,100.0
146,-23.175342559814453,0.0,134.0,11.393145561218262,0.03413710370659828,9.999999747378752e-05,100.0,-15.031235694885254,0.0,100.0
147,-22.514087677001953,0.0,134.0,11.401653289794922,0.032587505877017975,9.999999747378752e-05,100.0,-15.174118995666504,0.0,100.0
148,-22.043901443481445,0.0,134.0,11.155792236328125,0.03099082037806511,9.999999747378752e-05,100.0,-15.02770709991455,0.0,100.0
149,-21.257041931152344,0.0,134.0,11.07199478149414,0.05642655864357948,9.999999747378752e-05,100.0,-15.023298263549805,0.0,100.0
150,-21.00225257873535,0.0,134.0,11.05196475982666,0.0525883212685585,9.999999747378752e-05,100.0,-15.208401679992676,0.0,100.0
151,-20.94230079650879,0.0,134.0,11.082119941711426,0.02304147183895111,9.999999747378752e-05,100.0,-14.820250511169434,0.0,100.0
152,-20.90290069580078,0.0,134.0,11.010758399963379,0.025013262405991554,9.999999747378752e-05,100.0,-15.053104400634766,0.0,100.0
153,-20.84667205810547,0.0,134.0,11.171156883239746,0.02347639761865139,9.999999747378752e-05,100.0,-14.79361629486084,0.0,100.0
154,-20.766605377197266,0.0,134.0,10.97633171081543,0.025201033800840378,9.999999747378752e-05,100.0,-14.843034744262695,0.0,100.0
155,-20.693477630615234,0.0,134.0,10.796189308166504,0.022694244980812073,9.999999747378752e-05,100.0,-15.183804512023926,0.0,100.0
156,-20.658103942871094,0.0,134.0,10.922398567199707,0.020173050463199615,9.999999747378752e-05,100.0,-14.972872734069824,0.0,100.0
157,-20.61154556274414,0.0,134.0,10.9100341796875,0.019596397876739502,9.999999747378752e-05,100.0,-15.190923690795898,0.0,100.0
158,-20.553796768188477,0.0,134.0,10.787386894226074,0.015250208787620068,9.999999747378752e-05,100.0,-14.836045265197754,0.0,100.0
159,-20.50531578063965,0.0,134.0,10.778595924377441,0.017150618135929108,9.999999747378752e-05,100.0,-15.175311088562012,0.0,100.0
160,-20.477867126464844,0.0,134.0,10.764676094055176,0.020136481150984764,9.999999747378752e-05,100.0,-14.812517166137695,0.0,100.0
161,-20.433475494384766,0.0,134.0,10.661661148071289,0.023854512721300125,9.999999747378752e-05,100.0,-14.899282455444336,0.0,100.0
162,-20.407730102539062,0.0,134.0,10.652708053588867,0.015140868723392487,9.999999747378752e-05,100.0,-14.724018096923828,0.0,100.0
163,-20.381725311279297,0.0,134.0,10.701753616333008,0.014184937812387943,9.999999747378752e-05,100.0,-14.82723617553711,0.0,100.0
164,-20.334152221679688,0.0,134.0,10.671317100524902,0.024347037076950073,9.999999747378752e-05,100.0,-14.837183952331543,0.0,100.0
165,-20.293928146362305,0.0,134.0,10.508423805236816,0.0166129432618618,9.999999747378752e-05,100.0,-14.792299270629883,0.0,100.0
166,-20.224365234375,0.0,134.0,10.551138877868652,0.06372139602899551,9.999999747378752e-05,100.0,-14.800004005432129,0.0,100.0
167,-20.166196823120117,0.0,134.0,10.46562671661377,0.020522555336356163,9.999999747378752e-05,100.0,-14.7117280960083,0.0,100.0
168,-20.107587814331055,0.0,134.0,10.260257720947266,0.019300714135169983,9.999999747378752e-05,100.0,-14.869585037231445,0.0,100.0
169,-20.072185516357422,0.0,134.0,10.234402656555176,0.047288279980421066,9.999999747378752e-05,100.0,-14.749558448791504,0.0,100.0
170,-20.04071044921875,0.0,134.0,10.309135437011719,0.014143278822302818,9.999999747378752e-05,100.0,-14.422565460205078,0.0,100.0
171,-20.010271072387695,0.0,134.0,10.238265037536621,0.01974109560251236,9.999999747378752e-05,100.0,-14.868677139282227,0.0,100.0
172,-19.977888107299805,0.0,134.0,10.089396476745605,0.01495747547596693,9.999999747378752e-05,100.0,-14.711156845092773,0.0,100.0
173,-19.9320068359375,0.0,134.0,10.167734146118164,0.01806824840605259,9.999999747378752e-05,100.0,-14.663368225097656,0.0,100.0
174,-19.871601104736328,0.0,134.0,10.093506813049316,0.01460254192352295,9.999999747378752e-05,100.0,-14.674347877502441,0.0,100.0
175,-19.84035301208496,0.0,134.0,10.104020118713379,0.011787597090005875,9.999999747378752e-05,100.0,-14.600059509277344,0.0,100.0
176,-19.798141479492188,0.0,134.0,10.064248085021973,0.013690750114619732,9.999999747378752e-05,100.0,-14.78276538848877,0.0,100.0
177,-19.758464813232422,0.0,134.0,9.923871040344238,0.06402715295553207,9.999999747378752e-05,100.0,-14.70865535736084,0.0,100.0
178,-19.724746704101562,0.0,134.0,10.050612449645996,0.01618931256234646,9.999999747378752e-05,100.0,-14.600366592407227,0.0,100.0
179,-19.687332153320312,0.0,134.0,10.006974220275879,0.01577911712229252,9.999999747378752e-05,100.0,-14.725695610046387,0.0,100.0
180,-19.679258346557617,0.0,134.0,9.943449974060059,0.017795437946915627,9.999999747378752e-05,100.0,-14.612090110778809,0.0,100.0
181,-19.645639419555664,0.0,134.0,9.74091911315918,0.014940429478883743,9.999999747378752e-05,100.0,-14.741357803344727,0.0,100.0
182,-19.624370574951172,0.0,134.0,9.892876625061035,0.012188437394797802,9.999999747378752e-05,100.0,-14.467065811157227,0.0,100.0
183,-19.610618591308594,0.0,134.0,9.846063613891602,0.011413946747779846,9.999999747378752e-05,100.0,-14.51039981842041,0.0,100.0
184,-19.604223251342773,0.0,134.0,9.776728630065918,0.0554620698094368,9.999999747378752e-05,100.0,-14.701687812805176,0.0,100.0
185,-19.58611297607422,0.0,134.0,9.676887512207031,0.011318488977849483,9.999999747378752e-05,100.0,-14.638895988464355,0.0,100.0
186,-19.580591201782227,0.0,134.0,9.73779296875,0.01023993268609047,9.999999747378752e-05,100.0,-14.591569900512695,0.0,100.0
187,-19.56544303894043,0.0,134.0,9.601642608642578,0.015829261392354965,9.999999747378752e-05,100.0,-14.488484382629395,0.0,100.0
188,-19.545381546020508,0.0,134.0,9.695208549499512,0.013701150193810463,9.999999747378752e-05,100.0,-14.686908721923828,0.0,100.0
189,-19.523025512695312,0.0,134.0,9.638957977294922,0.010851358994841576,9.999999747378752e-05,100.0,-14.59538745880127,0.0,100.0
190,-19.512279510498047,0.0,134.0,9.69505500793457,0.03103788197040558,9.999999747378752e-05,100.0,-14.819116592407227,0.0,100.0
191,-19.493946075439453,0.0,134.0,9.63719367980957,0.011224446818232536,9.999999747378752e-05,100.0,-14.57458782196045,0.0,100.0
192,-19.467222213745117,0.0,134.0,9.4834566116333,0.015395269729197025,9.999999747378752e-05,100.0,-14.752967834472656,0.0,100.0
193,-19.462522506713867,0.0,134.0,9.499961853027344,0.020008889958262444,9.999999747378752e-05,100.0,-14.515721321105957,0.0,100.0
194,-19.471614837646484,0.0,134.0,9.514673233032227,0.011872687377035618,9.999999747378752e-05,100.0,-14.528915405273438,0.0,100.0
195,-19.478816986083984,0.0,134.0,9.542865753173828,0.015073207207024097,9.999999747378752e-05,100.0,-14.346748352050781,0.0,100.0
196,-19.487823486328125,0.0,134.0,9.37948226928711,0.008484107442200184,9.999999747378752e-05,100.0,-14.534912109375,0.0,100.0
197,-19.487415313720703,0.0,134.0,9.406074523925781,0.009927134960889816,9.999999747378752e-05,100.0,-14.389424324035645,0.0,100.0
198,-19.493263244628906,0.0,134.0,9.42906665802002,0.00848875567317009,9.999999747378752e-05,100.0,-14.514336585998535,0.0,100.0
199,-19.497270584106445,0.0,134.0,9.477018356323242,0.008932889439165592,9.999999747378752e-05,100.0,-14.375726699829102,0.0,100.0
200,-19.49612045288086,0.0,134.0,9.345315933227539,0.014204339124262333,9.999999747378752e-05,100.0,-14.474100112915039,0.0,100.0
201,-19.49298095703125,0.0,134.0,9.40749454498291,0.01480479259043932,9.999999747378752e-05,100.0,-14.353827476501465,0.0,100.0
202,-19.495439529418945,0.0,134.0,9.340544700622559,0.01536017656326294,9.999999747378752e-05,100.0,-14.334918975830078,0.0,100.0
203,-19.503421783447266,0.0,134.0,9.340934753417969,0.010688064619898796,9.999999747378752e-05,100.0,-14.42141056060791,0.0,100.0
204,-19.490652084350586,0.0,134.0,9.295721054077148,0.008618270047008991,9.999999747378752e-05,100.0,-14.500458717346191,0.0,100.0
205,-19.475666046142578,0.0,134.0,9.304350852966309,0.015547684393823147,9.999999747378752e-05,100.0,-14.483194351196289,0.0,100.0
206,-19.46092987060547,0.0,134.0,9.339936256408691,0.02833672985434532,9.999999747378752e-05,100.0,-14.441422462463379,0.0,100.0
207,-19.43056869506836,0.0,134.0,9.27484130859375,0.010316930711269379,9.999999747378752e-05,100.0,-14.490701675415039,0.0,100.0
208,-19.399057388305664,0.0,134.0,9.171878814697266,0.00971323810517788,9.999999747378752e-05,100.0,-14.42673397064209,0.0,100.0
209,-19.350547790527344,0.0,134.0,9.162736892700195,0.011988704092800617,9.999999747378752e-05,100.0,-14.448248863220215,0.0,100.0
210,-19.317689895629883,0.0,134.0,9.19599723815918,0.010538507252931595,9.999999747378752e-05,100.0,-14.39293098449707,0.0,100.0
211,-19.276121139526367,0.0,134.0,9.228520393371582,0.008328363299369812,9.999999747378752e-05,100.0,-14.334939002990723,0.0,100.0
212,-19.237838745117188,0.0,134.0,9.172404289245605,0.013760138303041458,9.999999747378752e-05,100.0,-14.26615047454834,0.0,100.0
213,-19.198272705078125,0.0,134.0,9.199240684509277,0.009308753535151482,9.999999747378752e-05,100.0,-14.22258186340332,0.0,100.0
214,-19.175233840942383,0.0,134.0,9.214977264404297,0.010286960750818253,9.999999747378752e-05,100.0,-14.38187313079834,0.0,100.0
215,-19.143295288085938,0.0,134.0,9.149869918823242,0.008072858676314354,9.999999747378752e-05,100.0,-14.305603981018066,0.0,100.0
216,-19.111318588256836,0.0,134.0,9.145678520202637,0.007764793001115322,9.999999747378752e-05,100.0,-14.27983283996582,0.0,100.0
217,-19.082368850708008,0.0,134.0,9.147634506225586,0.008722656406462193,9.999999747378752e-05,100.0,-14.275054931640625,0.0,100.0
218,-19.043312072753906,0.0,134.0,9.137057304382324,0.009932096116244793,9.999999747378752e-05,100.0,-14.269524574279785,0.0,100.0
219,-19.0078067779541,0.0,134.0,9.098457336425781,0.007673478685319424,9.999999747378752e-05,100.0,-14.504576683044434,0.0,100.0
220,-18.972681045532227,0.0,134.0,9.14527416229248,0.01088570524007082,9.999999747378752e-05,100.0,-14.331144332885742,0.0,100.0
221,-18.954599380493164,0.0,134.0,9.002127647399902,0.008423845283687115,9.999999747378752e-05,100.0,-14.464298248291016,0.0,100.0
222,-18.93631362915039,0.0,134.0,9.097790718078613,0.013928711414337158,9.999999747378752e-05,100.0,-14.27979850769043,0.0,100.0
223,-18.906827926635742,0.0,134.0,9.027656555175781,0.01083940826356411,9.999999747378752e-05,100.0,-14.408716201782227,0.0,100.0
224,-18.881559371948242,0.0,134.0,9.041976928710938,0.0061861868016421795,9.999999747378752e-05,100.0,-14.292393684387207,0.0,100.0
225,-18.87088966369629,0.0,134.0,9.065016746520996,0.007455715909600258,9.999999747378752e-05,100.0,-14.351107597351074,0.0,100.0
226,-18.845508575439453,0.0,134.0,9.07032585144043,0.012446608394384384,9.999999747378752e-05,100.0,-14.327024459838867,0.0,100.0
227,-18.823087692260742,0.0,134.0,9.034515380859375,0.009935657493770123,9.999999747378752e-05,100.0,-14.315567016601562,0.0,100.0
228,-18.790803909301758,0.0,134.0,8.9673433303833,0.007347883656620979,9.999999747378752e-05,100.0,-14.203252792358398,0.0,100.0
229,-18.764039993286133,0.0,134.0,9.071409225463867,0.0154212461784482,9.999999747378752e-05,100.0,-14.259467124938965,0.0,100.0
230,-18.73002815246582,0.0,134.0,9.10210132598877,0.014787613414227962,9.999999747378752e-05,100.0,-14.346427917480469,0.0,100.0
231,-18.687889099121094,0.0,134.0,9.014299392700195,0.007905161008238792,9.999999747378752e-05,100.0,-14.458953857421875,0.0,100.0
232,-18.651147842407227,0.0,134.0,8.905409812927246,0.005993339233100414,9.999999747378752e-05,100.0,-14.247900009155273,0.0,100.0
233,-18.615610122680664,0.0,134.0,9.006376266479492,0.005689493380486965,9.999999747378752e-05,100.0,-14.156656265258789,0.0,100.0
234,-18.608810424804688,0.0,134.0,8.925128936767578,0.006814504042267799,9.999999747378752e-05,100.0,-14.31136703491211,0.0,100.0
235,-18.602476119995117,0.0,134.0,8.969976425170898,0.011726545169949532,9.999999747378752e-05,100.0,-14.29885482788086,0.0,100.0
236,-18.580581665039062,0.0,134.0,8.972319602966309,0.00940803624689579,9.999999747378752e-05,100.0,-14.420825004577637,0.0,100.0
237,-18.55082893371582,0.0,134.0,9.03334903717041,0.005301955621689558,9.999999747378752e-05,100.0,-14.384756088256836,0.0,100.0
238,-18.55133056640625,0.0,134.0,8.908967018127441,0.00588990980759263,9.999999747378752e-05,100.0,-14.35191822052002,0.0,100.0
239,-18.51883316040039,0.0,134.0,8.9992036819458,0.011044497601687908,9.999999747378752e-05,100.0,-14.27230167388916,0.0,100.0
240,-18.483428955078125,0.0,134.0,8.825077056884766,0.006225275341421366,9.999999747378752e-05,100.0,-14.205564498901367,0.0,100.0
241,-18.450580596923828,0.0,135.0,8.934951782226562,0.011280619539320469,9.999999747378752e-05,100.0,-14.105295181274414,0.0,100.0
242,-18.427473068237305,0.0,134.0,8.94994831085205,0.01709027774631977,9.999999747378752e-05,100.0,-14.146403312683105,0.0,100.0
243,-18.39370346069336,0.0,134.0,8.839385032653809,0.00758027657866478,9.999999747378752e-05,100.0,-14.187491416931152,0.0,100.0
244,-18.36260223388672,0.0,134.0,8.907970428466797,0.017986377701163292,9.999999747378752e-05,100.0,-14.308155059814453,0.0,100.0
245,-18.323101043701172,0.0,134.0,8.79227066040039,0.005026828031986952,9.999999747378752e-05,100.0,-14.216139793395996,0.0,100.0
246,-18.267181396484375,0.0,135.0,8.849584579467773,0.0063667441718280315,9.999999747378752e-05,100.0,-14.209223747253418,0.0,100.0
247,-18.214351654052734,0.0,134.0,8.929208755493164,0.009158149361610413,9.999999747378752e-05,100.0,-14.226947784423828,0.0,100.0
248,-18.164661407470703,0.0,134.0,8.890887260437012,0.008431263267993927,9.999999747378752e-05,100.0,-14.166860580444336,0.0,100.0
249,-18.11423110961914,0.0,134.0,8.823512077331543,0.007811618037521839,9.999999747378752e-05,100.0,-14.131088256835938,0.0,100.0
250,-18.04338264465332,0.0,134.0,8.731670379638672,0.005839483346790075,9.999999747378752e-05,100.0,-14.135787963867188,0.0,100.0
251,-17.994182586669922,0.0,135.0,8.777131080627441,0.006075067911297083,9.999999747378752e-05,100.0,-14.207612991333008,0.0,100.0
252,-17.920856475830078,0.0,134.0,8.69759464263916,0.008286080323159695,9.999999747378752e-05,100.0,-14.486899375915527,0.0,100.0
253,-17.858104705810547,0.0,134.0,8.712183952331543,0.011811104603111744,9.999999747378752e-05,100.0,-14.205317497253418,0.0,100.0
254,-17.802345275878906,0.0,134.0,8.74310302734375,0.004389480222016573,9.999999747378752e-05,100.0,-14.23167896270752,0.0,100.0
255,-17.737991333007812,0.0,134.0,8.662131309509277,0.007605109829455614,9.999999747378752e-05,100.0,-14.18309211730957,0.0,100.0
256,-17.68963623046875,0.0,135.0,8.755732536315918,0.0054758875630795956,9.999999747378752e-05,100.0,-14.241231918334961,0.0,100.0
257,-17.641767501831055,0.0,134.0,8.651050567626953,0.013899390585720539,9.999999747378752e-05,100.0,-14.166420936584473,0.0,100.0
258,-17.611818313598633,0.0,134.0,8.632818222045898,0.006494447123259306,9.999999747378752e-05,100.0,-14.231298446655273,0.0,100.0
259,-17.545753479003906,0.0,134.0,8.59808349609375,0.005864832550287247,9.999999747378752e-05,100.0,-14.139113426208496,0.0,100.0
260,-17.465625762939453,0.0,134.0,8.759014129638672,0.005514642223715782,9.999999747378752e-05,100.0,-14.122780799865723,0.0,100.0
261,-17.41314697265625,0.0,135.0,8.624853134155273,0.0052949972450733185,9.999999747378752e-05,100.0,-14.26921558380127,0.0,100.0
262,-17.36041259765625,0.0,134.0,8.639204025268555,0.006534730549901724,9.999999747378752e-05,100.0,-14.13521957397461,0.0,100.0
263,-17.28831672668457,0.0,135.0,8.57000732421875,0.007119903340935707,9.999999747378752e-05,100.0,-14.216736793518066,0.0,100.0
264,-17.221879959106445,0.0,134.0,8.606536865234375,0.007086414843797684,9.999999747378752e-05,100.0,-14.173194885253906,0.0,100.0
265,-17.166589736938477,0.0,134.0,8.55931282043457,0.01458858884871006,9.999999747378752e-05,100.0,-14.17208194732666,0.0,100.0
266,-17.107412338256836,0.0,135.0,8.462565422058105,0.008157923817634583,9.999999747378752e-05,100.0,-14.188481330871582,0.0,100.0
267,-17.030046463012695,0.0,134.0,8.63742446899414,0.0052588265389204025,9.999999747378752e-05,100.0,-14.120965957641602,0.0,100.0
268,-16.969791412353516,0.0,135.0,8.428765296936035,0.005785951390862465,9.999999747378752e-05,100.0,-14.099130630493164,0.0,100.0
269,-16.900869369506836,0.0,134.0,8.529193878173828,0.00934655498713255,9.999999747378752e-05,100.0,-14.258126258850098,0.0,100.0
270,-16.833637237548828,0.0,134.0,8.495355606079102,0.010217328555881977,9.999999747378752e-05,100.0,-14.231337547302246,0.0,100.0
271,-16.77007484436035,0.0,135.0,8.555094718933105,0.005401028320193291,9.999999747378752e-05,100.0,-14.204973220825195,0.0,100.0
272,-16.711177825927734,0.0,134.0,8.404411315917969,0.004986968822777271,9.999999747378752e-05,100.0,-14.29965877532959,0.0,100.0
273,-16.65391731262207,0.0,135.0,8.472758293151855,0.004454862792044878,9.999999747378752e-05,100.0,-14.170024871826172,0.0,100.0
274,-16.597726821899414,0.0,134.0,8.474682807922363,0.007115954998880625,9.999999747378752e-05,100.0,-14.077774047851562,0.0,100.0
275,-16.55632209777832,0.0,135.0,8.416547775268555,0.020078804343938828,9.999999747378752e-05,100.0,-14.152459144592285,0.0,100.0
276,-16.50655746459961,0.0,135.0,8.348517417907715,0.0048146662302315235,9.999999747378752e-05,100.0,-14.098882675170898,0.0,100.0
277,-16.46564292907715,0.0,134.0,8.343513488769531,0.0038207925390452147,9.999999747378752e-05,100.0,-14.125697135925293,0.0,100.0
278,-16.415122985839844,0.0,135.0,8.381294250488281,0.007028630003333092,9.999999747378752e-05,100.0,-14.042649269104004,0.0,100.0
279,-16.37051010131836,0.0,134.0,8.390569686889648,0.0047569298185408115,9.999999747378752e-05,100.0,-14.169365882873535,0.0,100.0
280,-16.336360931396484,0.0,135.0,8.239047050476074,0.005635330453515053,9.999999747378752e-05,100.0,-14.172886848449707,0.0,100.0
281,-16.29824447631836,0.0,135.0,8.302718162536621,0.005595894996076822,9.999999747378752e-05,100.0,-14.112459182739258,0.0,100.0
282,-16.26224708557129,0.0,135.0,8.252303123474121,0.003968601115047932,9.999999747378752e-05,100.0,-14.177009582519531,0.0,100.0
283,-16.200122833251953,0.0,135.0,8.143768310546875,0.005583138670772314,9.999999747378752e-05,100.0,-14.156079292297363,0.0,100.0
284,-16.161096572875977,0.0,135.0,8.302265167236328,0.004130048211663961,9.999999747378752e-05,100.0,-14.117410659790039,0.0,100.0
285,-16.12508201599121,0.0,135.0,8.21534538269043,0.007037939038127661,9.999999747378752e-05,100.0,-14.13968563079834,0.0,100.0
286,-16.074491500854492,0.0,135.0,8.095416069030762,0.006405026651918888,9.999999747378752e-05,100.0,-14.228507041931152,0.0,100.0
287,-16.028993606567383,0.0,135.0,8.096603393554688,0.008594098500907421,9.999999747378752e-05,100.0,-14.074749946594238,0.0,100.0
288,-15.984521865844727,0.0,135.0,8.135767936706543,0.006237703841179609,9.999999747378752e-05,100.0,-14.073654174804688,0.0,100.0
289,-15.949984550476074,0.0,135.0,8.217413902282715,0.005495534278452396,9.999999747378752e-05,100.0,-14.016875267028809,0.0,100.0
290,-15.921148300170898,0.0,135.0,8.141399383544922,0.007344478275626898,9.999999747378752e-05,100.0,-14.058135032653809,0.0,100.0
291,-15.890755653381348,0.0,135.0,8.155917167663574,0.0062489742413163185,9.999999747378752e-05,100.0,-14.140145301818848,0.0,100.0
292,-15.872090339660645,0.0,135.0,8.026832580566406,0.006578685250133276,9.999999747378752e-05,100.0,-14.09656810760498,0.0,100.0
293,-15.841642379760742,0.0,135.0,8.06339168548584,0.00495497789233923,9.999999747378752e-05,100.0,-14.15392780303955,0.0,100.0
294,-15.81267261505127,0.0,135.0,8.03456974029541,0.0043511479161679745,9.999999747378752e-05,100.0,-14.15857982635498,0.0,100.0
295,-15.787429809570312,0.0,135.0,7.9046125411987305,0.004219663795083761,9.999999747378752e-05,100.0,-14.092342376708984,0.0,100.0
296,-15.762152671813965,0.0,135.0,7.950570583343506,0.004126128740608692,9.999999747378752e-05,100.0,-14.101655006408691,0.0,100.0
297,-15.734227180480957,0.0,135.0,7.967082977294922,0.006169439759105444,9.999999747378752e-05,100.0,-14.062295913696289,0.0,100.0
298,-15.71528148651123,0.0,135.0,7.86983060836792,0.004504581913352013,9.999999747378752e-05,100.0,-14.049506187438965,0.0,100.0
299,-15.705156326293945,0.0,135.0,7.928274631500244,0.005871976260095835,9.999999747378752e-05,100.0,-14.08655834197998,0.0,100.0
300,-15.683131217956543,0.0,135.0,7.9046831130981445,0.008645609952509403,9.999999747378752e-05,100.0,-14.124778747558594,0.0,100.0
301,-15.665994644165039,0.0,135.0,7.890345096588135,0.004622554872184992,9.999999747378752e-05,100.0,-14.012502670288086,0.0,100.0
302,-15.64506721496582,0.0,135.0,7.875107765197754,0.00415744399651885,9.999999747378752e-05,100.0,-14.078782081604004,0.0,100.0
303,-15.627114295959473,0.0,135.0,7.896047592163086,0.004343616310507059,9.999999747378752e-05,100.0,-14.112417221069336,0.0,100.0
304,-15.60776138305664,0.0,135.0,7.7845330238342285,0.006387896835803986,9.999999747378752e-05,100.0,-14.013822555541992,0.0,100.0
305,-15.588578224182129,0.0,135.0,7.796953201293945,0.005586741957813501,9.999999747378752e-05,100.0,-14.030264854431152,0.0,100.0
306,-15.56458854675293,0.0,135.0,7.870697498321533,0.014807074330747128,9.999999747378752e-05,100.0,-13.911417007446289,0.0,100.0
307,-15.547377586364746,0.0,135.0,7.780121326446533,0.006056878715753555,9.999999747378752e-05,100.0,-13.956938743591309,0.0,100.0
308,-15.527077674865723,0.0,135.0,7.833856582641602,0.004766979720443487,9.999999747378752e-05,100.0,-14.0164155960083,0.0,100.0
309,-15.498899459838867,0.0,135.0,7.7314629554748535,0.007962258532643318,9.999999747378752e-05,100.0,-13.923768997192383,0.0,100.0
310,-15.470064163208008,0.0,135.0,7.712223052978516,0.003953699953854084,9.999999747378752e-05,100.0,-13.999284744262695,0.0,100.0
311,-15.45488166809082,0.0,135.0,7.840625286102295,0.004442271310836077,9.999999747378752e-05,100.0,-14.029282569885254,0.0,100.0
312,-15.435941696166992,0.0,135.0,7.761425018310547,0.004033176228404045,9.999999747378752e-05,100.0,-13.988627433776855,0.0,100.0
313,-15.421523094177246,0.0,135.0,7.749100208282471,0.005200812127441168,9.999999747378752e-05,100.0,-14.000564575195312,0.0,100.0
314,-15.407233238220215,0.0,135.0,7.715914726257324,0.004192034713923931,9.999999747378752e-05,100.0,-13.952627182006836,0.0,100.0
315,-15.396068572998047,0.0,135.0,7.689208507537842,0.014027822762727737,9.999999747378752e-05,100.0,-14.013880729675293,0.0,100.0
316,-15.380053520202637,0.0,135.0,7.646024227142334,0.003696960164234042,9.999999747378752e-05,100.0,-13.977522850036621,0.0,100.0
317,-15.360371589660645,0.0,135.0,7.6774163246154785,0.00391750643029809,9.999999747378752e-05,100.0,-13.944748878479004,0.0,100.0
318,-15.348934173583984,0.0,135.0,7.594740390777588,0.005709005054086447,9.999999747378752e-05,100.0,-13.991408348083496,0.0,100.0
319,-15.340398788452148,0.0,135.0,7.6836395263671875,0.007326227612793446,9.999999747378752e-05,100.0,-13.951387405395508,0.0,100.0
320,-15.328636169433594,0.0,135.0,7.58820104598999,0.0037669329904019833,9.999999747378752e-05,100.0,-13.9392728805542,0.0,100.0
321,-15.307645797729492,0.0,135.0,7.623573303222656,0.00297575443983078,9.999999747378752e-05,100.0,-13.956585884094238,0.0,100.0
322,-15.297496795654297,0.0,135.0,7.562073707580566,0.003896259004250169,9.999999747378752e-05,100.0,-13.988364219665527,0.0,100.0
323,-15.285017967224121,0.0,135.0,7.6006550788879395,0.004411877132952213,9.999999747378752e-05,100.0,-13.984033584594727,0.0,100.0
324,-15.263561248779297,0.0,135.0,7.585130214691162,0.005271388217806816,9.999999747378752e-05,100.0,-13.940075874328613,0.0,100.0
325,-15.247066497802734,0.0,135.0,7.547946453094482,0.008588303811848164,9.999999747378752e-05,100.0,-14.044254302978516,0.0,100.0
326,-15.231518745422363,0.0,135.0,7.608343124389648,0.00544413598254323,9.999999747378752e-05,100.0,-14.002942085266113,0.0,100.0
327,-15.225990295410156,0.0,135.0,7.455790042877197,0.0036809176672250032,9.999999747378752e-05,100.0,-13.937338829040527,0.0,100.0
328,-15.216641426086426,0.0,135.0,7.5035319328308105,0.003524832660332322,9.999999747378752e-05,100.0,-13.91771411895752,0.0,100.0
329,-15.212320327758789,0.0,135.0,7.495228290557861,0.006472703535109758,9.999999747378752e-05,100.0,-13.872865676879883,0.0,100.0
330,-15.202878952026367,0.0,135.0,7.454854488372803,0.00377157935872674,9.999999747378752e-05,100.0,-13.883210182189941,0.0,100.0
331,-15.194558143615723,0.0,135.0,7.438196182250977,0.011106756515800953,9.999999747378752e-05,100.0,-13.920487403869629,0.0,100.0
332,-15.180787086486816,0.0,135.0,7.451526165008545,0.0039375582709908485,9.999999747378752e-05,100.0,-13.86499309539795,0.0,100.0
333,-15.176183700561523,0.0,135.0,7.402804851531982,0.0033414505887776613,9.999999747378752e-05,100.0,-13.941783905029297,0.0,100.0
334,-15.174208641052246,0.0,135.0,7.239747047424316,0.0030817354563623667,9.999999747378752e-05,100.0,-13.932395935058594,0.0,100.0
335,-15.165792465209961,0.0,135.0,7.3749260902404785,0.00397903798148036,9.999999747378752e-05,100.0,-13.903223991394043,0.0,100.0
336,-15.154646873474121,0.0,135.0,7.22646427154541,0.00468407291918993,9.999999747378752e-05,100.0,-13.86396312713623,0.0,100.0
337,-15.143143653869629,0.0,135.0,7.347402095794678,0.0038497857749462128,9.999999747378752e-05,100.0,-13.944632530212402,0.0,100.0
338,-15.129812240600586,0.0,135.0,7.4193620681762695,0.005948565900325775,9.999999747378752e-05,100.0,-13.949921607971191,0.0,100.0
339,-15.120492935180664,0.0,135.0,7.36644172668457,0.004571130964905024,9.999999747378752e-05,100.0,-13.95302677154541,0.0,100.0
340,-15.106210708618164,0.0,135.0,7.368818759918213,0.0036864811554551125,9.999999747378752e-05,100.0,-13.888081550598145,0.0,100.0
341,-15.096844673156738,0.0,135.0,7.215240955352783,0.004435470327734947,9.999999747378752e-05,100.0,-13.913328170776367,0.0,100.0
342,-15.093642234802246,0.0,135.0,7.30190372467041,0.0033518390264362097,9.999999747378752e-05,100.0,-13.840943336486816,0.0,100.0
343,-15.080777168273926,0.0,135.0,7.256786346435547,0.0032140256371349096,9.999999747378752e-05,100.0,-13.69039249420166,0.0,100.0
344,-15.06897258758545,0.0,135.0,7.3053765296936035,0.003625821089372039,9.999999747378752e-05,100.0,-13.371577262878418,0.0,100.0
345,-15.061198234558105,0.0,135.0,7.251861572265625,0.0036034772638231516,9.999999747378752e-05,100.0,-13.505270957946777,0.0,100.0
346,-15.054875373840332,0.0,135.0,7.198664665222168,0.004002524074167013,9.999999747378752e-05,100.0,-13.286334037780762,0.0,100.0
347,-15.046798706054688,0.0,135.0,7.198026180267334,0.0031723319552838802,9.999999747378752e-05,100.0,-13.475874900817871,0.0,100.0
348,-15.033937454223633,0.0,135.0,7.255074501037598,0.002780094975605607,9.999999747378752e-05,100.0,-13.312856674194336,0.0,100.0
349,-15.031551361083984,0.0,135.0,7.20340633392334,0.00435293884947896,9.999999747378752e-05,100.0,-13.445551872253418,0.0,100.0
350,-15.032404899597168,0.0,135.0,7.1891584396362305,0.003309662686660886,9.999999747378752e-05,100.0,-13.362479209899902,0.0,100.0
351,-15.024024963378906,0.0,135.0,7.251172065734863,0.0105091268196702,9.999999747378752e-05,100.0,-13.100743293762207,0.0,100.0
352,-15.006942749023438,0.0,135.0,7.244531154632568,0.0030791328754276037,9.999999747378752e-05,100.0,-13.093204498291016,0.0,100.0
353,-14.995594024658203,0.0,135.0,7.213980674743652,0.002751436550170183,9.999999747378752e-05,100.0,-13.215362548828125,0.0,100.0
354,-14.977132797241211,0.0,135.0,7.1852312088012695,0.003904103534296155,9.999999747378752e-05,100.0,-13.578585624694824,0.0,100.0
355,-14.962054252624512,0.0,135.0,7.099029541015625,0.004365946631878614,9.999999747378752e-05,100.0,-14.131572723388672,0.0,100.0
356,-14.955982208251953,0.0,135.0,7.116417407989502,0.0053635830990970135,9.999999747378752e-05,100.0,-13.827341079711914,0.0,100.0
357,-14.950291633605957,0.0,135.0,7.112666606903076,0.0026947828009724617,9.999999747378752e-05,100.0,-13.562505722045898,0.0,100.0
358,-14.946419715881348,0.0,135.0,7.0902910232543945,0.00498789781704545,9.999999747378752e-05,100.0,-13.738280296325684,0.0,100.0
359,-14.938458442687988,0.0,135.0,7.123612880706787,0.005423280876129866,9.999999747378752e-05,100.0,-13.22488021850586,0.0,100.0
360,-14.933789253234863,0.0,135.0,7.212409973144531,0.003594140987843275,9.999999747378752e-05,100.0,-13.019996643066406,0.0,100.0
361,-14.927736282348633,0.0,135.0,7.080773830413818,0.0033222734928131104,9.999999747378752e-05,100.0,-13.27884292602539,0.0,100.0
362,-14.935306549072266,0.0,135.0,7.14698600769043,0.004297210369259119,9.999999747378752e-05,100.0,-13.375035285949707,0.0,100.0
363,-14.939339637756348,0.0,135.0,7.12921667098999,0.003034525318071246,9.999999747378752e-05,100.0,-13.240057945251465,0.0,100.0
364,-14.93519401550293,0.0,135.0,7.0440497398376465,0.002843793947249651,9.999999747378752e-05,100.0,-13.229476928710938,0.0,100.0
365,-14.927508354187012,0.0,135.0,7.0486602783203125,0.003506394336000085,9.999999747378752e-05,100.0,-13.180622100830078,0.0,100.0
366,-14.92523193359375,0.0,135.0,7.004396438598633,0.003426304319873452,9.999999747378752e-05,100.0,-13.204421997070312,0.0,100.0
367,-14.916794776916504,0.0,135.0,7.006021976470947,0.004173531197011471,9.999999747378752e-05,100.0,-13.290215492248535,0.0,100.0
368,-14.91899299621582,0.0,135.0,6.975379467010498,0.0027364029083400965,9.999999747378752e-05,100.0,-13.164146423339844,0.0,100.0
369,-14.9143648147583,0.0,135.0,6.974073886871338,0.003974433522671461,9.999999747378752e-05,100.0,-13.199975967407227,0.0,100.0
370,-14.911993026733398,0.0,135.0,7.093791484832764,0.0035000727511942387,9.999999747378752e-05,100.0,-13.163607597351074,0.0,100.0
371,-14.923576354980469,0.0,135.0,6.903269290924072,0.00278947944752872,9.999999747378752e-05,100.0,-12.907925605773926,0.0,100.0
372,-14.925287246704102,0.0,135.0,7.054968357086182,0.0059448000974953175,9.999999747378752e-05,100.0,-13.011961936950684,0.0,100.0
373,-14.928316116333008,0.0,135.0,6.989282608032227,0.005670062266290188,9.999999747378752e-05,100.0,-13.05965518951416,0.0,100.0
374,-14.920918464660645,0.0,135.0,7.02007532119751,0.003400190966203809,9.999999747378752e-05,100.0,-12.928129196166992,0.0,100.0
375,-14.914682388305664,0.0,135.0,6.964395523071289,0.003288534702733159,9.999999747378752e-05,100.0,-12.999073028564453,0.0,100.0
376,-14.909611701965332,0.0,135.0,6.982323169708252,0.0031201597303152084,9.999999747378752e-05,100.0,-13.098836898803711,0.0,100.0
377,-14.913912773132324,0.0,135.0,6.9180989265441895,0.00282486854121089,9.999999747378752e-05,100.0,-13.077722549438477,0.0,100.0
378,-14.918845176696777,0.0,135.0,6.86113977432251,0.0027690629940479994,9.999999747378752e-05,100.0,-13.054435729980469,0.0,100.0
379,-14.923919677734375,0.0,135.0,7.009449481964111,0.00468628853559494,9.999999747378752e-05,100.0,-12.970645904541016,0.0,100.0
380,-14.927850723266602,0.0,135.0,6.881565093994141,0.004628749564290047,9.999999747378752e-05,100.0,-13.07336139678955,0.0,100.0
381,-14.925043106079102,0.0,135.0,6.946561336517334,0.005594758782535791,9.999999747378752e-05,100.0,-13.101758003234863,0.0,100.0
382,-14.921592712402344,0.0,135.0,6.895359992980957,0.0022830914240330458,9.999999747378752e-05,100.0,-12.966241836547852,0.0,100.0
383,-14.912511825561523,0.0,135.0,6.8194193840026855,0.0036757057532668114,9.999999747378752e-05,100.0,-13.053656578063965,0.0,100.0
384,-14.90598201751709,0.0,135.0,6.933687210083008,0.0035826682578772306,9.999999747378752e-05,100.0,-12.945003509521484,0.0,100.0
385,-14.90713882446289,0.0,135.0,6.928013801574707,0.003926343750208616,9.999999747378752e-05,100.0,-13.07958698272705,0.0,100.0
386,-14.90937614440918,0.0,135.0,6.790676593780518,0.007343531120568514,9.999999747378752e-05,100.0,-13.085286140441895,0.0,100.0
387,-14.900067329406738,0.0,135.0,6.83978796005249,0.0031040667090564966,9.999999747378752e-05,100.0,-12.995118141174316,0.0,100.0
388,-14.899405479431152,0.0,135.0,6.858675479888916,0.0020265020430088043,9.999999747378752e-05,100.0,-13.224931716918945,0.0,100.0
389,-14.895402908325195,0.0,135.0,6.922457218170166,0.0037663676775991917,9.999999747378752e-05,100.0,-13.033258438110352,0.0,100.0
390,-14.899301528930664,0.0,135.0,6.837190628051758,0.003624328877776861,9.999999747378752e-05,100.0,-12.87177562713623,0.0,100.0
391,-14.896159172058105,0.0,135.0,6.875564098358154,0.004588717129081488,9.999999747378752e-05,100.0,-12.828497886657715,0.0,100.0
392,-14.896360397338867,0.0,135.0,6.726286888122559,0.002759526949375868,9.999999747378752e-05,100.0,-12.897136688232422,0.0,100.0
393,-14.89844036102295,0.0,135.0,6.83134126663208,0.011582886800169945,9.999999747378752e-05,100.0,-12.900575637817383,0.0,100.0
394,-14.910173416137695,0.0,135.0,6.809639930725098,0.00400166492909193,9.999999747378752e-05,100.0,-13.093799591064453,0.0,100.0
395,-14.910778999328613,0.0,135.0,6.76630163192749,0.0030082385055720806,9.999999747378752e-05,100.0,-12.83569049835205,0.0,100.0
396,-14.894648551940918,0.0,135.0,6.832082271575928,0.002471572021022439,9.999999747378752e-05,100.0,-12.68652629852295,0.0,100.0
397,-14.881430625915527,0.0,135.0,6.727279186248779,0.0038247606717050076,9.999999747378752e-05,100.0,-12.935834884643555,0.0,100.0
398,-14.873868942260742,0.0,135.0,6.689303874969482,0.002858713734894991,9.999999747378752e-05,100.0,-12.738885879516602,0.0,100.0
399,-14.87022590637207,0.0,135.0,6.780002117156982,0.002839445834979415,9.999999747378752e-05,100.0,-12.826717376708984,0.0,100.0
400,-14.857895851135254,0.0,135.0,6.794015884399414,0.0023162299767136574,9.999999747378752e-05,100.0,-12.872166633605957,0.0,100.0
401,-14.848621368408203,0.0,135.0,6.801278591156006,0.004938080441206694,9.999999747378752e-05,100.0,-13.081079483032227,0.0,100.0
402,-14.8320894241333,0.0,135.0,6.692315101623535,0.0022250041365623474,9.999999747378752e-05,100.0,-13.160653114318848,0.0,100.0
403,-14.82033920288086,0.0,135.0,6.732314109802246,0.005318899638950825,9.999999747378752e-05,100.0,-12.832795143127441,0.0,100.0
404,-14.817597389221191,0.0,135.0,6.704991817474365,0.0022703856229782104,9.999999747378752e-05,100.0,-12.850288391113281,0.0,100.0
405,-14.808043479919434,0.0,135.0,6.810017108917236,0.0037911308463662863,9.999999747378752e-05,100.0,-12.78916072845459,0.0,100.0
406,-14.810382843017578,0.0,135.0,6.714749336242676,0.003299756208434701,9.999999747378752e-05,100.0,-13.047462463378906,0.0,100.0
407,-14.805079460144043,0.0,135.0,6.708730697631836,0.0038093433249741793,9.999999747378752e-05,100.0,-13.078389167785645,0.0,100.0
408,-14.803877830505371,0.0,135.0,6.718513011932373,0.0026473132893443108,9.999999747378752e-05,100.0,-12.891097068786621,0.0,100.0
409,-14.800137519836426,0.0,135.0,6.764410972595215,0.002616118872538209,9.999999747378752e-05,100.0,-12.93163776397705,0.0,100.0
410,-14.792967796325684,0.0,135.0,6.726965427398682,0.004838692955672741,9.999999747378752e-05,100.0,-12.91433334350586,0.0,100.0
411,-14.786076545715332,0.0,135.0,6.731373310089111,0.0024713610764592886,9.999999747378752e-05,100.0,-12.941972732543945,0.0,100.0
412,-14.779169082641602,0.0,135.0,6.736531734466553,0.007643821183592081,9.999999747378752e-05,100.0,-12.891133308410645,0.0,100.0
413,-14.768281936645508,0.0,135.0,6.660885334014893,0.0017451090971007943,9.999999747378752e-05,100.0,-12.964398384094238,0.0,100.0
414,-14.760333061218262,0.0,135.0,6.5927734375,0.0022374363616108894,9.999999747378752e-05,100.0,-12.88578987121582,0.0,100.0
415,-14.749446868896484,0.0,135.0,6.637813568115234,0.0024093997199088335,9.999999747378752e-05,100.0,-12.895574569702148,0.0,100.0
416,-14.750326156616211,0.0,135.0,6.774052619934082,0.0029812578577548265,9.999999747378752e-05,100.0,-12.797513008117676,0.0,100.0
417,-14.73861026763916,0.0,135.0,6.724365234375,0.007196513004601002,9.999999747378752e-05,100.0,-12.73045539855957,0.0,100.0
418,-14.725491523742676,0.0,135.0,6.718284606933594,0.002473527332767844,9.999999747378752e-05,100.0,-12.934228897094727,0.0,100.0
419,-14.71092700958252,0.0,135.0,6.581945896148682,0.00807956326752901,9.999999747378752e-05,100.0,-12.645873069763184,0.0,100.0
420,-14.701983451843262,0.0,135.0,6.635812759399414,0.001953604631125927,9.999999747378752e-05,100.0,-12.62880802154541,0.0,100.0
421,-14.702446937561035,0.0,135.0,6.6756157875061035,0.010141823440790176,9.999999747378752e-05,100.0,-12.758456230163574,0.0,100.0
422,-14.702408790588379,0.0,135.0,6.585725784301758,0.0025139718782156706,9.999999747378752e-05,100.0,-12.73912525177002,0.0,100.0
423,-14.697958946228027,0.0,135.0,6.684128761291504,0.0050899796187877655,9.999999747378752e-05,100.0,-12.593186378479004,0.0,100.0
424,-14.693912506103516,0.0,135.0,6.627148151397705,0.0026848213747143745,9.999999747378752e-05,100.0,-12.630053520202637,0.0,100.0
425,-14.6854829788208,0.0,135.0,6.619805812835693,0.008236211724579334,9.999999747378752e-05,100.0,-12.522533416748047,0.0,100.0
426,-14.683846473693848,0.0,135.0,6.629249572753906,0.0021775055211037397,9.999999747378752e-05,100.0,-12.560262680053711,0.0,100.0
427,-14.67691421508789,0.0,135.0,6.649500370025635,0.0016545031685382128,9.999999747378752e-05,100.0,-12.516672134399414,0.0,100.0
428,-14.668110847473145,0.0,135.0,6.623542308807373,0.0020759303588420153,9.999999747378752e-05,100.0,-12.423866271972656,0.0,100.0
429,-14.655811309814453,0.0,135.0,6.558403968811035,0.002286165487021208,9.999999747378752e-05,100.0,-12.588360786437988,0.0,100.0
430,-14.648981094360352,0.0,135.0,6.628337383270264,0.001988947158679366,9.999999747378752e-05,100.0,-12.425680160522461,0.0,100.0
431,-14.631378173828125,0.0,135.0,6.542230129241943,0.008932488970458508,9.999999747378752e-05,100.0,-12.46557331085205,0.0,100.0
432,-14.624080657958984,0.0,135.0,6.527926445007324,0.0018752443138509989,9.999999747378752e-05,100.0,-12.511725425720215,0.0,100.0
433,-14.618921279907227,0.0,135.0,6.598721027374268,0.00173906737472862,9.999999747378752e-05,100.0,-12.378908157348633,0.0,100.0
434,-14.611703872680664,0.0,135.0,6.594330787658691,0.002612849697470665,9.999999747378752e-05,100.0,-12.350118637084961,0.0,100.0
435,-14.613151550292969,0.0,135.0,6.5782904624938965,0.002014302182942629,9.999999747378752e-05,100.0,-12.35058307647705,0.0,100.0
436,-14.609475135803223,0.0,135.0,6.623945713043213,0.0015929390210658312,9.999999747378752e-05,100.0,-12.365391731262207,0.0,100.0
437,-14.605295181274414,0.0,135.0,6.532716274261475,0.002008311916142702,9.999999747378752e-05,100.0,-12.412954330444336,0.0,100.0
438,-14.598249435424805,0.0,135.0,6.55831241607666,0.0025952449068427086,9.999999747378752e-05,100.0,-12.591835975646973,0.0,100.0
439,-14.5904541015625,0.0,135.0,6.55570650100708,0.002911310875788331,9.999999747378752e-05,100.0,-12.221055030822754,0.0,100.0
440,-14.583145141601562,0.0,135.0,6.623788356781006,0.0022651292383670807,9.999999747378752e-05,100.0,-12.365732192993164,0.0,100.0
441,-14.572959899902344,0.0,135.0,6.5836968421936035,0.003262608079239726,9.999999747378752e-05,100.0,-12.236640930175781,0.0,100.0
442,-14.577662467956543,0.0,135.0,6.54008150100708,0.002736626425758004,9.999999747378752e-05,100.0,-12.21909236907959,0.0,100.0
443,-14.57132625579834,0.0,135.0,6.556448459625244,0.002954833908006549,9.999999747378752e-05,100.0,-12.278351783752441,0.0,100.0
444,-14.558418273925781,0.0,135.0,6.569247722625732,0.002357151359319687,9.999999747378752e-05,100.0,-12.264643669128418,0.0,100.0
445,-14.549223899841309,0.0,135.0,6.578453063964844,0.0029607336036860943,9.999999747378752e-05,100.0,-12.209193229675293,0.0,100.0
446,-14.541712760925293,0.0,135.0,6.534315586090088,0.0030034175142645836,9.999999747378752e-05,100.0,-12.15676212310791,0.0,100.0
447,-14.533562660217285,0.0,135.0,6.519245624542236,0.005512696225196123,9.999999747378752e-05,100.0,-12.158411979675293,0.0,100.0
448,-14.523634910583496,0.0,135.0,6.507979393005371,0.006894547492265701,9.999999747378752e-05,100.0,-12.23210334777832,0.0,100.0
449,-14.51756477355957,0.0,135.0,6.461741924285889,0.0022068459074944258,9.999999747378752e-05,100.0,-11.990001678466797,0.0,100.0
450,-14.514200210571289,0.0,135.0,6.544625759124756,0.002072765491902828,9.999999747378752e-05,100.0,-12.098742485046387,0.0,100.0
451,-14.507999420166016,0.0,135.0,6.510707855224609,0.0016527827829122543,9.999999747378752e-05,100.0,-12.032855033874512,0.0,100.0
452,-14.508249282836914,0.0,135.0,6.522010326385498,0.0017841407097876072,9.999999747378752e-05,100.0,-12.11252212524414,0.0,100.0
453,-14.505695343017578,0.0,135.0,6.575850486755371,0.004520700313150883,9.999999747378752e-05,100.0,-12.049372673034668,0.0,100.0
454,-14.503684997558594,0.0,135.0,6.496108055114746,0.013298198580741882,9.999999747378752e-05,100.0,-11.932873725891113,0.0,100.0
455,-14.50438117980957,0.0,135.0,6.4402031898498535,0.0018682305235415697,9.999999747378752e-05,100.0,-12.032081604003906,0.0,100.0
456,-14.505960464477539,0.0,135.0,6.536941051483154,0.003002637065947056,9.999999747378752e-05,100.0,-11.998002052307129,0.0,100.0
457,-14.496857643127441,0.0,135.0,6.565197944641113,0.0018615322187542915,9.999999747378752e-05,100.0,-12.126264572143555,0.0,100.0
458,-14.4882230758667,0.0,135.0,6.53733491897583,0.0018771401373669505,9.999999747378752e-05,100.0,-11.99123764038086,0.0,100.0
459,-14.483439445495605,0.0,135.0,6.443233489990234,0.0023740706965327263,9.999999747378752e-05,100.0,-11.922332763671875,0.0,100.0
460,-14.4705171585083,0.0,135.0,6.5447001457214355,0.0021924800239503384,9.999999747378752e-05,100.0,-11.893182754516602,0.0,100.0
461,-14.46654987335205,0.0,135.0,6.5446038246154785,0.002367653651162982,9.999999747378752e-05,100.0,-11.979028701782227,0.0,100.0
462,-14.465832710266113,0.0,135.0,6.457637310028076,0.0018801845144480467,9.999999747378752e-05,100.0,-11.832234382629395,0.0,100.0
463,-14.467670440673828,0.0,135.0,6.5776801109313965,0.00630614347755909,9.999999747378752e-05,100.0,-11.880239486694336,0.0,100.0
464,-14.46890640258789,0.0,135.0,6.494844436645508,0.005410999990999699,9.999999747378752e-05,100.0,-11.65119743347168,0.0,100.0
465,-14.471613883972168,0.0,135.0,6.491685390472412,0.0018020103452727199,9.999999747378752e-05,100.0,-11.768104553222656,0.0,100.0
466,-14.467581748962402,0.0,135.0,6.51350212097168,0.002132764318957925,9.999999747378752e-05,100.0,-11.735944747924805,0.0,100.0
467,-14.459640502929688,0.0,135.0,6.504863739013672,0.0025214285124093294,9.999999747378752e-05,100.0,-11.68144702911377,0.0,100.0
468,-14.462692260742188,0.0,135.0,6.478701591491699,0.008518984541296959,9.999999747378752e-05,100.0,-11.711865425109863,0.0,100.0
469,-14.460535049438477,0.0,135.0,6.5357794761657715,0.0034796325489878654,9.999999747378752e-05,100.0,-11.71690845489502,0.0,100.0
470,-14.457087516784668,0.0,135.0,6.520152568817139,0.001871346146799624,9.999999747378752e-05,100.0,-9.548482894897461,0.0,100.0
471,-14.457887649536133,0.0,135.0,6.511513710021973,0.0020527676679193974,9.999999747378752e-05,100.0,-9.435898780822754,0.0,100.0
472,-14.459218978881836,0.0,135.0,6.407114028930664,0.0018542730249464512,9.999999747378752e-05,100.0,-9.390275001525879,0.0,100.0
473,-14.460108757019043,0.0,135.0,6.537673473358154,0.0030465887393802404,9.999999747378752e-05,100.0,-7.589817047119141,0.0,100.0
474,-14.458588600158691,0.0,135.0,6.509696006774902,0.002526268595829606,9.999999747378752e-05,100.0,-8.319352149963379,0.0,100.0
475,-14.462685585021973,0.0,135.0,6.511818885803223,0.0022243044804781675,9.999999747378752e-05,100.0,-8.9120512008667,0.0,100.0
476,-14.466470718383789,0.0,135.0,6.5255889892578125,0.002155132358893752,9.999999747378752e-05,100.0,-9.063423156738281,0.0,100.0
477,-14.472253799438477,0.0,135.0,6.427674770355225,0.004556059371680021,9.999999747378752e-05,100.0,-10.561041831970215,0.0,100.0
478,-14.4761323928833,0.0,135.0,6.557614803314209,0.002607892034575343,9.999999747378752e-05,100.0,-10.647953987121582,0.0,100.0
479,-14.474950790405273,0.0,135.0,6.391515731811523,0.0023728744126856327,9.999999747378752e-05,100.0,-9.215005874633789,0.0,100.0
480,-14.472370147705078,0.0,135.0,6.462989330291748,0.002829302567988634,9.999999747378752e-05,100.0,-9.73721694946289,0.0,100.0
481,-14.47459888458252,0.0,135.0,6.456317901611328,0.001658098422922194,9.999999747378752e-05,100.0,-9.098118782043457,0.0,100.0
482,-14.478105545043945,0.0,135.0,6.468486785888672,0.006427484098821878,9.999999747378752e-05,100.0,-8.675259590148926,0.0,100.0
483,-14.482114791870117,0.0,135.0,6.486671447753906,0.0026691281236708164,9.999999747378752e-05,100.0,-9.130253791809082,0.0,100.0
484,-14.483769416809082,0.0,135.0,6.421594619750977,0.0035416525788605213,9.999999747378752e-05,100.0,-8.55126953125,0.0,100.0
485,-14.485908508300781,0.0,135.0,6.475633144378662,0.0021177849266678095,9.999999747378752e-05,100.0,-8.45101547241211,0.0,100.0
486,-14.480607032775879,0.0,135.0,6.434629917144775,0.00352861313149333,9.999999747378752e-05,100.0,-8.376993179321289,0.0,100.0
487,-14.47443675994873,0.0,135.0,6.435192108154297,0.0027460348792374134,9.999999747378752e-05,100.0,-7.63197660446167,0.0,100.0
488,-14.468025207519531,0.0,135.0,6.465708255767822,0.0023374867159873247,9.999999747378752e-05,100.0,-7.151495933532715,0.0,100.0
489,-14.464173316955566,0.0,135.0,6.419180393218994,0.0017253149999305606,9.999999747378752e-05,100.0,-8.530628204345703,0.0,100.0
490,-14.453514099121094,0.0,135.0,6.4021196365356445,0.0038837180472910404,9.999999747378752e-05,100.0,-7.8543500900268555,0.0,100.0
491,-14.450691223144531,0.0,135.0,6.386367321014404,0.0024664432276040316,9.999999747378752e-05,100.0,-7.067356109619141,0.0,100.0
492,-14.444633483886719,0.0,135.0,6.4223761558532715,0.0018810522742569447,9.999999747378752e-05,100.0,-7.202447891235352,0.0,100.0
493,-14.433015823364258,0.0,135.0,6.339907646179199,0.006617628037929535,9.999999747378752e-05,100.0,-7.132791042327881,0.0,100.0
494,-14.428732872009277,0.0,135.0,6.371224403381348,0.0016400410095229745,9.999999747378752e-05,100.0,-7.568186283111572,0.0,100.0
495,-14.424339294433594,0.0,135.0,6.387836933135986,0.0021191078703850508,9.999999747378752e-05,100.0,-7.698151111602783,0.0,100.0
496,-14.41760540008545,0.0,135.0,6.52276611328125,0.007708187680691481,9.999999747378752e-05,100.0,-6.607023239135742,0.0,100.0
497,-14.4115571975708,0.0,135.0,6.462323188781738,0.0015719318762421608,9.999999747378752e-05,100.0,-7.218932628631592,0.0,100.0
498,-14.403486251831055,0.0,135.0,6.402188777923584,0.0015439970884472132,9.999999747378752e-05,100.0,-7.113162994384766,0.0,100.0
499,-14.391454696655273,0.0,135.0,6.488641738891602,0.003369293175637722,9.999999747378752e-05,100.0,-6.742919445037842,0.0,100.0
500,-14.383125305175781,0.0,135.0,6.4431281089782715,0.004655534401535988,9.999999747378752e-05,100.0,-6.882801055908203,0.0,100.0
501,-14.376215934753418,0.0,135.0,6.393678665161133,0.006178352516144514,9.999999747378752e-05,100.0,-7.1419830322265625,0.0,100.0
502,-14.364335060119629,0.0,135.0,6.462772369384766,0.001409388380125165,9.999999747378752e-05,100.0,-7.013509273529053,0.0,100.0
503,-14.35281753540039,0.0,135.0,6.438218593597412,0.008918926119804382,9.999999747378752e-05,100.0,-6.624463081359863,0.0,100.0
504,-14.344070434570312,0.0,135.0,6.356602668762207,0.0016414012061432004,9.999999747378752e-05,100.0,-6.09509801864624,0.0,100.0
505,-14.336706161499023,0.0,135.0,6.4238080978393555,0.0027802016120404005,9.999999747378752e-05,100.0,-5.7805352210998535,0.0,100.0
506,-14.325406074523926,0.0,135.0,6.4742512702941895,0.002247988013550639,9.999999747378752e-05,100.0,-6.065722942352295,0.0,100.0
507,-14.320201873779297,0.0,135.0,6.384750843048096,0.004699413664638996,9.999999747378752e-05,100.0,-5.61042594909668,0.0,100.0
508,-14.313400268554688,0.0,135.0,6.387548923492432,0.00204673339612782,9.999999747378752e-05,100.0,-6.08473539352417,0.0,100.0
509,-14.30836009979248,0.0,135.0,6.335147857666016,0.002180899027734995,9.999999747378752e-05,100.0,-6.0366010665893555,0.0,100.0
510,-14.300461769104004,0.0,135.0,6.296915531158447,0.0016778610879555345,9.999999747378752e-05,100.0,-5.1414055824279785,0.0,100.0
511,-14.296635627746582,0.0,135.0,6.387001991271973,0.004596037324517965,9.999999747378752e-05,100.0,-5.7151994705200195,0.0,100.0
512,-14.297995567321777,0.0,135.0,6.326079845428467,0.004981415346264839,9.999999747378752e-05,100.0,-5.748732089996338,0.0,100.0
513,-14.295480728149414,0.0,135.0,6.359394550323486,0.0014406191185116768,9.999999747378752e-05,100.0,-5.710809707641602,0.0,100.0
514,-14.291923522949219,0.0,135.0,6.365590572357178,0.0018058883724734187,9.999999747378752e-05,100.0,-5.558228969573975,0.0,100.0
515,-14.291288375854492,0.0,135.0,6.340056896209717,0.0023466036655008793,9.999999747378752e-05,100.0,-5.47699499130249,1.0,100.0
516,-14.28555965423584,0.0,135.0,6.375904560089111,0.002659340389072895,9.999999747378752e-05,100.0,-6.0248565673828125,0.0,100.0
517,-14.281919479370117,0.0,135.0,6.294549942016602,0.001912004197947681,9.999999747378752e-05,100.0,-4.8655686378479,1.0,100.0
518,-14.280486106872559,0.0,135.0,6.329861640930176,0.00360297248698771,9.999999747378752e-05,100.0,-5.453907012939453,0.0,100.0
519,-14.2810640335083,0.0,135.0,6.37290620803833,0.0022706014569848776,9.999999747378752e-05,100.0,-5.393106460571289,0.0,100.0
520,-14.279062271118164,0.0,135.0,6.2872395515441895,0.010652412660419941,9.999999747378752e-05,100.0,-5.342674255371094,0.0,100.0
521,-14.274104118347168,0.0,135.0,6.322070598602295,0.001238493830896914,9.999999747378752e-05,100.0,-4.91563081741333,0.0,100.0
522,-14.271720886230469,0.0,135.0,6.476830005645752,0.002578601473942399,9.999999747378752e-05,100.0,-4.820850849151611,0.0,100.0
523,-14.27157211303711,0.0,135.0,6.366759777069092,0.005994470324367285,9.999999747378752e-05,100.0,-4.390320777893066,1.0,100.0
524,-14.275074005126953,0.0,135.0,6.368560791015625,0.0033995704725384712,9.999999747378752e-05,100.0,-4.77086067199707,1.0,100.0
525,-14.269017219543457,0.0,135.0,6.324158668518066,0.0020919665694236755,9.999999747378752e-05,100.0,-5.190042972564697,0.0,100.0
526,-14.2638578414917,0.0,135.0,6.355269432067871,0.001239488716237247,9.999999747378752e-05,100.0,-4.707420349121094,0.0,100.0
527,-14.260636329650879,0.0,135.0,6.339226245880127,0.001492717768996954,9.999999747378752e-05,100.0,-4.592992305755615,0.6000000238418579,100.0
528,-14.262847900390625,0.0,135.0,6.381402015686035,0.0024747569113969803,9.999999747378752e-05,100.0,-4.788280487060547,0.0,100.0
529,-14.26171588897705,0.0,135.0,6.359305381774902,0.001102286041714251,9.999999747378752e-05,100.0,-4.745002269744873,0.0,100.0
530,-14.259696006774902,0.0,135.0,6.381810188293457,0.0038952240720391273,9.999999747378752e-05,100.0,-4.196227550506592,0.0,100.0
531,-14.254918098449707,0.0,135.0,6.36844539642334,0.004530740436166525,9.999999747378752e-05,100.0,-4.686683177947998,0.8999999761581421,100.0
532,-14.248815536499023,0.0,135.0,6.34359073638916,0.002060830593109131,9.999999747378752e-05,100.0,-4.231888771057129,1.0,100.0
533,-14.242717742919922,0.0,135.0,6.323629379272461,0.0012185160303488374,9.999999747378752e-05,100.0,-4.53200101852417,0.0,100.0
534,-14.233580589294434,0.0,135.0,6.332949161529541,0.0015976998256519437,9.999999747378752e-05,100.0,-4.605342388153076,0.0,100.0
535,-14.231700897216797,0.0,135.0,6.322801113128662,0.0012225297978147864,9.999999747378752e-05,100.0,-4.802483081817627,0.0,100.0
536,-14.22436237335205,0.0,135.0,6.334173679351807,0.0020509317982941866,9.999999747378752e-05,100.0,-4.443748474121094,0.0,100.0
537,-14.212935447692871,0.0,135.0,6.362737655639648,0.0030426369048655033,9.999999747378752e-05,100.0,-4.310680389404297,1.0,100.0
538,-14.203393936157227,0.0,135.0,6.28468132019043,0.0017007616115733981,9.999999747378752e-05,100.0,-4.144237995147705,0.0,100.0
539,-14.196290969848633,0.0,135.0,6.358802795410156,0.004686207976192236,9.999999747378752e-05,100.0,-4.194530487060547,1.0,100.0
540,-14.189330101013184,0.0,135.0,6.319195747375488,0.003524938365444541,9.999999747378752e-05,100.0,-4.21757173538208,0.0,100.0
541,-14.183900833129883,0.0,135.0,6.289432048797607,0.002692186739295721,9.999999747378752e-05,100.0,-3.979525566101074,1.0,100.0
542,-14.180106163024902,0.0,135.0,6.306504249572754,0.0017332615097984672,9.999999747378752e-05,100.0,-4.406594276428223,1.0,100.0
543,-14.17363166809082,0.0,135.0,6.280545234680176,0.002691764384508133,9.999999747378752e-05,100.0,-4.277164459228516,1.0,100.0
544,-14.16242790222168,0.0,135.0,6.29058837890625,0.003802166087552905,9.999999747378752e-05,100.0,-4.150584697723389,1.0,100.0
545,-14.158102035522461,0.0,135.0,6.284335613250732,0.0016894863219931722,9.999999747378752e-05,100.0,-4.23515510559082,0.0,100.0
546,-14.150903701782227,0.0,135.0,6.310525417327881,0.002213826170191169,9.999999747378752e-05,100.0,-4.293014049530029,1.0,100.0
547,-14.143796920776367,0.0,135.0,6.267501354217529,0.001674810191616416,9.999999747378752e-05,100.0,-4.015872955322266,0.10000000149011612,100.0
548,-14.142327308654785,0.0,135.0,6.304707050323486,0.006022559013217688,9.999999747378752e-05,100.0,-4.304325580596924,0.0,100.0
549,-14.143721580505371,0.0,135.0,6.221519470214844,0.0015649995766580105,9.999999747378752e-05,100.0,-4.210025310516357,0.8999999761581421,100.0
550,-14.14959716796875,0.0,135.0,6.269400596618652,0.0011666018981486559,9.999999747378752e-05,100.0,-3.973611354827881,0.0,100.0
551,-14.151708602905273,0.0,135.0,6.24495267868042,0.00433645723387599,9.999999747378752e-05,100.0,-3.9135444164276123,0.10000000149011612,100.0
552,-14.150077819824219,0.0,135.0,6.244675636291504,0.0017111082561314106,9.999999747378752e-05,100.0,-3.7636892795562744,1.0,100.0
553,-14.14739990234375,0.0,135.0,6.283014297485352,0.001879869494587183,9.999999747378752e-05,100.0,-4.229804039001465,0.0,100.0
554,-14.151488304138184,0.0,135.0,6.240206241607666,0.004989280365407467,9.999999747378752e-05,100.0,-4.387259006500244,1.0,100.0
555,-14.153356552124023,0.0,135.0,6.261126518249512,0.0013854741118848324,9.999999747378752e-05,100.0,-3.9859933853149414,1.0,100.0
556,-14.154328346252441,0.0,135.0,6.344587326049805,0.0027045938186347485,9.999999747378752e-05,100.0,-4.164010524749756,0.0,100.0
557,-14.154319763183594,0.0,135.0,6.272602558135986,0.002337345387786627,9.999999747378752e-05,100.0,-4.5924458503723145,1.0,100.0
558,-14.156994819641113,0.0,135.0,6.328174114227295,0.0015118977753445506,9.999999747378752e-05,100.0,-3.8930063247680664,1.0,100.0
559,-14.1611328125,0.0,135.0,6.312499523162842,0.0013206594157963991,9.999999747378752e-05,100.0,-3.644669532775879,0.0,100.0
560,-14.158818244934082,0.0,135.0,6.243313312530518,0.002154194051399827,9.999999747378752e-05,100.0,-3.9158287048339844,0.8999999761581421,100.0
561,-14.158102035522461,0.0,135.0,6.207280158996582,0.0020294091664254665,9.999999747378752e-05,100.0,-3.948620080947876,1.0,100.0
562,-14.156085968017578,0.0,135.0,6.294328212738037,0.0015033107483759522,9.999999747378752e-05,100.0,-3.9200003147125244,0.0,100.0
563,-14.156497955322266,0.0,135.0,6.3755784034729,0.0030671919230371714,9.999999747378752e-05,100.0,-3.897117853164673,1.0,100.0
564,-14.160786628723145,0.0,135.0,6.258870601654053,0.003271352266892791,9.999999747378752e-05,100.0,-4.001502513885498,1.0,100.0
565,-14.163955688476562,0.0,135.0,6.234748363494873,0.0031387261115014553,9.999999747378752e-05,100.0,-3.590944290161133,1.0,100.0
566,-14.160856246948242,0.0,135.0,6.289996147155762,0.0015673065790906549,9.999999747378752e-05,100.0,-3.7452540397644043,0.0,100.0
567,-14.160043716430664,0.0,135.0,6.288331985473633,0.001804988132789731,9.999999747378752e-05,100.0,-3.813261032104492,1.0,100.0
568,-14.157610893249512,0.0,135.0,6.328238487243652,0.004634806886315346,9.999999747378752e-05,100.0,-3.4924066066741943,1.0,100.0
569,-14.160099983215332,0.0,135.0,6.320931434631348,0.0012270919978618622,9.999999747378752e-05,100.0,-3.61445689201355,1.0,100.0
570,-14.158620834350586,0.0,135.0,6.2929863929748535,0.0016679057152941823,9.999999747378752e-05,100.0,-4.154417514801025,1.0,100.0
571,-14.159197807312012,0.0,135.0,6.200379848480225,0.0018238503253087401,9.999999747378752e-05,100.0,-4.057596206665039,1.0,100.0
572,-14.157888412475586,0.0,135.0,6.266748905181885,0.002549096941947937,9.999999747378752e-05,100.0,-3.8664262294769287,0.10000000149011612,100.0
573,-14.154550552368164,0.0,135.0,6.237895965576172,0.0036118277348577976,9.999999747378752e-05,100.0,-3.116898536682129,1.0,100.0
574,-14.145257949829102,0.0,135.0,6.224206924438477,0.001471337745897472,9.999999747378752e-05,100.0,-3.3602449893951416,1.0,100.0
575,-14.136987686157227,0.0,135.0,6.219578266143799,0.00167603709269315,9.999999747378752e-05,100.0,-3.3749899864196777,1.0,100.0
576,-14.131776809692383,0.0,135.0,6.288730144500732,0.002375921932980418,9.999999747378752e-05,100.0,-3.299384355545044,1.0,100.0
577,-14.130195617675781,0.0,135.0,6.217972278594971,0.002277626423165202,9.999999747378752e-05,100.0,-3.3485944271087646,1.0,100.0
578,-14.125960350036621,0.0,135.0,6.327663898468018,0.0019976929761469364,9.999999747378752e-05,100.0,-3.078446865081787,1.0,100.0
579,-14.120515823364258,0.0,135.0,6.267998218536377,0.0035705489572137594,9.999999747378752e-05,100.0,-3.5696675777435303,1.0,100.0
580,-14.115594863891602,0.0,135.0,6.291726589202881,0.0018924458418041468,9.999999747378752e-05,100.0,-3.20351505279541,1.0,100.0
581,-14.11083984375,0.0,136.0,6.2548651695251465,0.002200077287852764,9.999999747378752e-05,100.0,-3.139601230621338,0.10000000149011612,100.0
582,-14.108076095581055,0.0,135.0,6.255970478057861,0.0014646915951743722,9.999999747378752e-05,100.0,-3.355233907699585,1.0,100.0
583,-14.101881980895996,0.0,135.0,6.294651985168457,0.006817260291427374,9.999999747378752e-05,100.0,-3.441993474960327,0.0,100.0
584,-14.094691276550293,0.0,135.0,6.247546195983887,0.0011224707122892141,9.999999747378752e-05,100.0,-3.5631017684936523,1.0,100.0
585,-14.087505340576172,0.0,135.0,6.311095714569092,0.00232438906095922,9.999999747378752e-05,100.0,-3.350048065185547,0.8999999761581421,100.0
586,-14.083321571350098,0.0,136.0,6.2183918952941895,0.0016242791898548603,9.999999747378752e-05,100.0,-3.535942316055298,1.0,100.0
587,-14.080595970153809,0.0,135.0,6.237614631652832,0.0014663764741271734,9.999999747378752e-05,100.0,-2.885913848876953,1.0,100.0
588,-14.077042579650879,0.0,135.0,6.272971153259277,0.002786907833069563,9.999999747378752e-05,100.0,-2.915875196456909,1.0,100.0
589,-14.071556091308594,0.0,135.0,6.282298564910889,0.001809092704206705,9.999999747378752e-05,100.0,-2.90690279006958,1.0,100.0
590,-14.07014274597168,0.0,135.0,6.1998491287231445,0.0035070839803665876,9.999999747378752e-05,100.0,-3.1600162982940674,1.0,100.0
591,-14.076459884643555,0.0,136.0,6.1975507736206055,0.001569546409882605,9.999999747378752e-05,100.0,-3.635080575942993,0.0,100.0
592,-14.07864761352539,0.0,135.0,6.239262104034424,0.0017287642695009708,9.999999747378752e-05,100.0,-3.1427078247070312,1.0,100.0
593,-14.082141876220703,0.0,135.0,6.286597728729248,0.0026218330021947622,9.999999747378752e-05,100.0,-3.417564868927002,1.0,100.0
594,-14.08307933807373,0.0,135.0,6.210472583770752,0.0011038159718737006,9.999999747378752e-05,100.0,-3.5323493480682373,1.0,100.0
595,-14.082818031311035,0.0,135.0,6.233076095581055,0.0014198506250977516,9.999999747378752e-05,100.0,-2.8937737941741943,1.0,100.0
596,-14.082747459411621,0.0,136.0,6.258516788482666,0.0015635100426152349,9.999999747378752e-05,100.0,-2.855997085571289,1.0,100.0
597,-14.08581829071045,0.0,135.0,6.2391228675842285,0.00396279850974679,9.999999747378752e-05,100.0,-3.378694772720337,0.8999999761581421,100.0
598,-14.083062171936035,0.0,136.0,6.211184501647949,0.0022748601622879505,9.999999747378752e-05,100.0,-2.916024923324585,1.0,100.0
599,-14.08405876159668,0.0,135.0,6.3341217041015625,0.0016337065026164055,9.999999747378752e-05,100.0,-3.2002604007720947,1.0,100.0
600,-14.080520629882812,0.0,135.0,6.237770080566406,0.0014255853602662683,9.999999747378752e-05,100.0,-2.9048264026641846,1.0,100.0
601,-14.078360557556152,0.0,136.0,6.195054531097412,0.00510024419054389,9.999999747378752e-05,100.0,-3.0850837230682373,1.0,100.0
602,-14.075161933898926,0.0,135.0,6.331310272216797,0.0009451113292016089,9.999999747378752e-05,100.0,-2.8872342109680176,1.0,100.0
603,-14.072602272033691,0.0,136.0,6.206572532653809,0.0014132922515273094,9.999999747378752e-05,100.0,-3.019040822982788,1.0,100.0
604,-14.067886352539062,0.0,135.0,6.182403564453125,0.001507485518231988,9.999999747378752e-05,100.0,-3.434283971786499,1.0,100.0
605,-14.064033508300781,0.0,135.0,6.173723220825195,0.001413668622262776,9.999999747378752e-05,100.0,-3.086308479309082,1.0,100.0
606,-14.061665534973145,0.0,136.0,6.202852249145508,0.0016334241954609752,9.999999747378752e-05,100.0,-2.7626171112060547,1.0,100.0
607,-14.0596342086792,0.0,135.0,6.269516944885254,0.0022182867396622896,9.999999747378752e-05,100.0,-2.9153966903686523,0.0,100.0
608,-14.054102897644043,0.0,136.0,6.145817756652832,0.0028167960699647665,9.999999747378752e-05,100.0,-2.6980297565460205,1.0,100.0
609,-14.052288055419922,0.0,135.0,6.235054969787598,0.0017077714437618852,9.999999747378752e-05,100.0,-3.1223196983337402,0.0,100.0
610,-14.055477142333984,0.0,135.0,6.272974491119385,0.003939531277865171,9.999999747378752e-05,100.0,-2.637113571166992,1.0,100.0
611,-14.05572509765625,0.0,136.0,6.178043842315674,0.0015721479430794716,9.999999747378752e-05,100.0,-2.645315647125244,0.0,100.0
612,-14.056724548339844,0.0,135.0,6.278733253479004,0.0011158224660903215,9.999999747378752e-05,100.0,-3.0839149951934814,0.10000000149011612,100.0
613,-14.055106163024902,0.0,136.0,6.25507116317749,0.001025172183290124,9.999999747378752e-05,100.0,-2.6796071529388428,0.0,100.0
614,-14.051384925842285,0.0,135.0,6.2160234451293945,0.0015316206263378263,9.999999747378752e-05,100.0,-2.7924957275390625,1.0,100.0
615,-14.046120643615723,0.0,136.0,6.205165863037109,0.001184634631499648,9.999999747378752e-05,100.0,-2.6222379207611084,0.0,100.0
616,-14.037435531616211,0.0,136.0,6.156447887420654,0.0013054368318989873,9.999999747378752e-05,100.0,-2.466698169708252,0.0,100.0
617,-14.033867835998535,0.0,135.0,6.235017776489258,0.004376688972115517,9.999999747378752e-05,100.0,-2.4644370079040527,0.0,100.0
618,-14.029801368713379,0.0,136.0,6.177468299865723,0.001458745333366096,9.999999747378752e-05,100.0,-2.876821756362915,0.0,100.0
619,-14.02920150756836,0.0,135.0,6.240649700164795,0.0019408314255997539,9.999999747378752e-05,100.0,-2.905041217803955,0.0,100.0
620,-14.025691032409668,0.0,136.0,6.25189733505249,0.001552057801745832,9.999999747378752e-05,100.0,-2.5742669105529785,0.0,100.0
621,-14.023458480834961,0.0,136.0,6.129415988922119,0.0016557484632357955,9.999999747378752e-05,100.0,-2.964046001434326,0.0,100.0
622,-14.018271446228027,0.0,136.0,6.191795825958252,0.0012432370567694306,9.999999747378752e-05,100.0,-3.1003024578094482,1.0,100.0
623,-14.0195951461792,0.0,136.0,6.274762153625488,0.001574915018863976,9.999999747378752e-05,100.0,-2.336923837661743,1.0,100.0
624,-14.017370223999023,0.0,135.0,6.20253849029541,0.0017316722078248858,9.999999747378752e-05,100.0,-2.6845145225524902,0.0,100.0
625,-14.016700744628906,0.0,136.0,6.133326053619385,0.0020557704847306013,9.999999747378752e-05,100.0,-2.526413917541504,1.0,100.0
626,-14.01407527923584,0.0,136.0,6.1594743728637695,0.002035080688074231,9.999999747378752e-05,100.0,-2.53637957572937,1.0,100.0
627,-14.013935089111328,0.0,136.0,6.161390781402588,0.0016313651576638222,9.999999747378752e-05,100.0,-2.2754688262939453,1.0,100.0
628,-14.015872955322266,0.0,136.0,6.143172264099121,0.002553030848503113,9.999999747378752e-05,100.0,-2.2314395904541016,0.0,100.0
629,-14.013813018798828,0.0,135.0,6.183070659637451,0.0010948048438876867,9.999999747378752e-05,100.0,-2.8805196285247803,0.0,100.0
630,-14.017538070678711,0.0,136.0,6.243128776550293,0.0025385338813066483,9.999999747378752e-05,100.0,-2.9730491638183594,0.0,100.0
631,-14.02899169921875,0.0,136.0,6.170041084289551,0.0023242468014359474,9.999999747378752e-05,100.0,-3.2781734466552734,1.0,100.0
632,-14.03097915649414,0.0,136.0,6.126218795776367,0.0017330567352473736,9.999999747378752e-05,100.0,-2.5231847763061523,0.0,100.0
633,-14.037632942199707,0.0,136.0,6.196386337280273,0.001838261028751731,9.999999747378752e-05,100.0,-2.938055992126465,0.0,100.0
634,-14.041938781738281,0.0,136.0,6.224542617797852,0.001965814968571067,9.999999747378752e-05,100.0,-2.805467128753662,0.0,100.0
635,-14.04613208770752,0.0,136.0,6.212304592132568,0.002983595011755824,9.999999747378752e-05,100.0,-2.5875394344329834,1.0,100.0
636,-14.049020767211914,0.0,136.0,6.081745624542236,0.0019475542940199375,9.999999747378752e-05,100.0,-2.2527079582214355,0.0,100.0
637,-14.045696258544922,0.0,136.0,6.25853157043457,0.002032085321843624,9.999999747378752e-05,100.0,-2.590179443359375,0.0,100.0
638,-14.050111770629883,0.0,136.0,6.10641622543335,0.002074127085506916,9.999999747378752e-05,100.0,-2.271148204803467,1.0,100.0
639,-14.053191184997559,0.0,136.0,6.120017051696777,0.0012015890097245574,9.999999747378752e-05,100.0,-2.8003573417663574,1.0,100.0
640,-14.05118465423584,0.0,136.0,6.187732219696045,0.001067834673449397,9.999999747378752e-05,100.0,-3.2536368370056152,1.0,100.0
641,-14.050039291381836,0.0,136.0,6.1945600509643555,0.0024409277830272913,9.999999747378752e-05,100.0,-2.3168134689331055,0.0,100.0
642,-14.046163558959961,0.0,136.0,6.139293670654297,0.0019687239546328783,9.999999747378752e-05,100.0,-2.0374503135681152,0.0,100.0
643,-14.043464660644531,0.0,136.0,6.161229133605957,0.0032745283097028732,9.999999747378752e-05,100.0,-2.583400011062622,0.0,100.0
644,-14.040058135986328,0.0,136.0,6.1834716796875,0.002589167095720768,9.999999747378752e-05,100.0,-2.604151725769043,1.0,100.0
645,-14.041818618774414,0.0,136.0,6.18921422958374,0.001386284246109426,9.999999747378752e-05,100.0,-2.488882064819336,0.0,100.0
646,-14.043444633483887,0.0,136.0,6.202559471130371,0.001790597103536129,9.999999747378752e-05,100.0,-2.5014328956604004,1.0,100.0
647,-14.045324325561523,0.0,136.0,6.105388164520264,0.0016595537308603525,9.999999747378752e-05,100.0,-2.262697696685791,0.0,100.0
648,-14.042058944702148,0.0,136.0,6.1340107917785645,0.0015813192585483193,9.999999747378752e-05,100.0,-2.4899985790252686,1.0,100.0
649,-14.041190147399902,0.0,136.0,6.081014633178711,0.002683139406144619,9.999999747378752e-05,100.0,-2.1404504776000977,0.0,100.0
650,-14.045072555541992,0.0,136.0,6.1683855056762695,0.002740644384175539,9.999999747378752e-05,100.0,-2.5589354038238525,1.0,100.0
651,-14.046939849853516,0.0,136.0,6.172034740447998,0.0013176287757232785,9.999999747378752e-05,100.0,-2.6288106441497803,0.0,100.0
652,-14.044570922851562,0.0,136.0,6.223642349243164,0.0021199877373874187,9.999999747378752e-05,100.0,-2.7159788608551025,0.0,100.0
653,-14.04427719116211,0.0,136.0,6.180054187774658,0.0013539138017222285,9.999999747378752e-05,100.0,-2.379788637161255,0.0,100.0
654,-14.048077583312988,0.0,136.0,6.182642936706543,0.002194941509515047,9.999999747378752e-05,100.0,-2.3144302368164062,1.0,100.0
655,-14.044544219970703,0.0,136.0,6.139522552490234,0.0015740490052849054,9.999999747378752e-05,100.0,-2.416442632675171,1.0,100.0
656,-14.036070823669434,0.0,136.0,6.193560600280762,0.0014740618644282222,9.999999747378752e-05,100.0,-2.309377908706665,1.0,100.0
657,-14.034990310668945,0.0,136.0,6.186027526855469,0.001233336515724659,9.999999747378752e-05,100.0,-1.9946776628494263,1.0,100.0
658,-14.033622741699219,0.0,136.0,6.1587114334106445,0.0014521469129249454,9.999999747378752e-05,100.0,-2.2714881896972656,1.0,100.0
659,-14.031208992004395,0.0,136.0,6.089414119720459,0.0013728269841521978,9.999999747378752e-05,100.0,-2.1839962005615234,1.0,100.0
660,-14.0337495803833,0.0,136.0,6.166562557220459,0.0018028958002105355,9.999999747378752e-05,100.0,-2.339726686477661,0.0,100.0
661,-14.028955459594727,0.0,136.0,6.173973560333252,0.0017086198786273599,9.999999747378752e-05,100.0,-2.239617109298706,1.0,100.0
662,-14.026893615722656,0.0,136.0,6.135554790496826,0.0020034604240208864,9.999999747378752e-05,100.0,-2.4268245697021484,1.0,100.0
663,-14.02234172821045,0.0,136.0,6.145920276641846,0.0017630584770813584,9.999999747378752e-05,100.0,-2.371516704559326,0.0,100.0
664,-14.021200180053711,0.0,136.0,6.122837066650391,0.0012502114987000823,9.999999747378752e-05,100.0,-2.6462655067443848,0.0,100.0
665,-14.021717071533203,0.0,136.0,6.161489486694336,0.0014885679120197892,9.999999747378752e-05,100.0,-2.241976737976074,1.0,100.0
666,-14.022459030151367,0.0,136.0,6.1309404373168945,0.002293818164616823,9.999999747378752e-05,100.0,-2.6415863037109375,0.0,100.0
667,-14.024163246154785,0.0,136.0,6.171873569488525,0.00156883813906461,9.999999747378752e-05,100.0,-2.714996337890625,0.0,100.0
668,-14.025367736816406,0.0,136.0,6.091228485107422,0.002570614917203784,9.999999747378752e-05,100.0,-2.31284236907959,1.0,100.0
669,-14.023653030395508,0.0,136.0,6.137197494506836,0.002456832444295287,9.999999747378752e-05,100.0,-2.408600330352783,1.0,100.0
670,-14.019379615783691,0.0,136.0,6.048592567443848,0.0013181352987885475,9.999999747378752e-05,100.0,-2.4316606521606445,1.0,100.0
671,-14.015442848205566,0.0,136.0,6.1913042068481445,0.0014153822558000684,9.999999747378752e-05,100.0,-2.341897964477539,1.0,100.0
672,-14.011106491088867,0.0,136.0,6.140697002410889,0.001572751672938466,9.999999747378752e-05,100.0,-2.3578057289123535,1.0,100.0
673,-14.009921073913574,0.0,136.0,6.123888969421387,0.0019255111692473292,9.999999747378752e-05,100.0,-2.3985037803649902,1.0,100.0
674,-14.010068893432617,0.0,136.0,6.181883335113525,0.001335215987637639,9.999999747378752e-05,100.0,-2.52520751953125,1.0,100.0
675,-14.006946563720703,0.0,136.0,6.1675848960876465,0.001162820728495717,9.999999747378752e-05,100.0,-2.5363290309906006,1.0,100.0
676,-14.008420944213867,0.0,136.0,6.08376932144165,0.0027480758726596832,9.999999747378752e-05,100.0,-2.354297637939453,1.0,100.0
677,-14.010462760925293,0.0,136.0,6.150780200958252,0.002247984055429697,9.999999747378752e-05,100.0,-2.546110153198242,1.0,100.0
678,-14.008140563964844,0.0,136.0,6.0904974937438965,0.0015795815270394087,9.999999747378752e-05,100.0,-2.6089372634887695,0.0,100.0
679,-14.00928020477295,0.0,136.0,6.1649394035339355,0.001079836394637823,9.999999747378752e-05,100.0,-3.50129771232605,0.0,100.0
680,-14.009063720703125,0.0,136.0,6.124599933624268,0.0014589717611670494,9.999999747378752e-05,100.0,-2.3892176151275635,1.0,100.0
681,-14.009821891784668,0.0,136.0,6.100310802459717,0.0034631919115781784,9.999999747378752e-05,100.0,-2.4854533672332764,1.0,100.0
682,-14.011528968811035,0.0,136.0,6.142340183258057,0.0010105742840096354,9.999999747378752e-05,100.0,-2.251016616821289,1.0,100.0
683,-14.010047912597656,0.0,136.0,6.110976696014404,0.0012372831115499139,9.999999747378752e-05,100.0,-2.625044345855713,0.0,100.0
684,-14.010781288146973,0.0,136.0,6.136431694030762,0.001284667057916522,9.999999747378752e-05,100.0,-2.088597297668457,0.0,100.0
685,-14.004084587097168,0.0,136.0,6.069433689117432,0.0019268350442871451,9.999999747378752e-05,100.0,-2.60042667388916,0.0,100.0
686,-14.003149032592773,0.0,136.0,5.995828628540039,0.0014738073805347085,9.999999747378752e-05,100.0,-2.2273812294006348,1.0,100.0
687,-14.005836486816406,0.0,136.0,6.104109764099121,0.0013495427556335926,9.999999747378752e-05,100.0,-1.9064289331436157,1.0,100.0
688,-14.005110740661621,0.0,136.0,6.107852458953857,0.0015180065529420972,9.999999747378752e-05,100.0,-1.975808024406433,1.0,100.0
689,-14.004411697387695,0.0,136.0,6.172354221343994,0.001608476391993463,9.999999747378752e-05,100.0,-2.2844624519348145,1.0,100.0
690,-14.00642204284668,0.0,136.0,6.1245198249816895,0.0031699729152023792,9.999999747378752e-05,100.0,-2.80106520652771,1.0,100.0
691,-14.006097793579102,0.0,136.0,6.125460624694824,0.0011421848321333528,9.999999747378752e-05,100.0,-2.6814804077148438,1.0,100.0
692,-14.002374649047852,0.0,136.0,6.125029563903809,0.0025424575433135033,9.999999747378752e-05,100.0,-2.774338483810425,1.0,100.0
693,-13.999629974365234,0.0,136.0,6.1571550369262695,0.001183964079245925,9.999999747378752e-05,100.0,-2.6860287189483643,0.0,100.0
694,-13.99726676940918,0.0,136.0,6.094318866729736,0.0017562510911375284,9.999999747378752e-05,100.0,-2.4502460956573486,1.0,100.0
695,-13.994958877563477,0.0,136.0,6.070395469665527,0.0038107777945697308,9.999999747378752e-05,100.0,-2.410602331161499,1.0,100.0
696,-13.992024421691895,0.0,136.0,6.136417865753174,0.0008990723290480673,9.999999747378752e-05,100.0,-2.38738751411438,1.0,100.0
697,-13.989500045776367,0.0,136.0,6.1091790199279785,0.0013268316397443414,9.999999747378752e-05,100.0,-2.364168643951416,0.0,100.0
698,-13.988430976867676,0.0,136.0,6.084863185882568,0.001134480000473559,9.999999747378752e-05,100.0,-2.071134328842163,0.0,100.0
699,-13.987020492553711,0.0,136.0,6.175712585449219,0.001420002430677414,9.999999747378752e-05,100.0,-2.3590428829193115,1.0,100.0
700,-13.9865140914917,0.0,136.0,6.092819690704346,0.0015409855404868722,9.999999747378752e-05,100.0,-1.8869136571884155,1.0,100.0
701,-13.983046531677246,0.0,136.0,6.073770046234131,0.001620600582100451,9.999999747378752e-05,100.0,-2.013047456741333,1.0,100.0
702,-13.981538772583008,0.0,136.0,6.106150150299072,0.001810383633710444,9.999999747378752e-05,100.0,-1.9666577577590942,1.0,100.0
703,-13.9769868850708,0.0,136.0,6.100154876708984,0.0017509923782199621,9.999999747378752e-05,100.0,-1.9459577798843384,1.0,100.0
704,-13.970184326171875,0.0,136.0,6.073340892791748,0.0017835436156019568,9.999999747378752e-05,100.0,-2.2365646362304688,1.0,100.0
705,-13.969588279724121,0.0,136.0,6.050576686859131,0.0014907072763890028,9.999999747378752e-05,100.0,-2.2659709453582764,1.0,100.0
706,-13.967059135437012,0.0,136.0,6.0861029624938965,0.0015753372572362423,9.999999747378752e-05,100.0,-2.0794517993927,1.0,100.0
707,-13.963455200195312,0.0,136.0,6.101418495178223,0.001515840063802898,9.999999747378752e-05,100.0,-2.5620667934417725,0.0,100.0
708,-13.961771965026855,0.0,136.0,6.097620487213135,0.0020689815282821655,9.999999747378752e-05,100.0,-2.0173094272613525,1.0,100.0
709,-13.959776878356934,0.0,136.0,6.059150695800781,0.0016566758276894689,9.999999747378752e-05,100.0,-2.0899856090545654,1.0,100.0
710,-13.955485343933105,0.0,136.0,6.19439697265625,0.0012118516024202108,9.999999747378752e-05,100.0,-2.2518961429595947,0.0,100.0
711,-13.952692985534668,0.0,136.0,6.104567527770996,0.0016200232785195112,9.999999747378752e-05,100.0,-2.4996249675750732,1.0,100.0
712,-13.949630737304688,0.0,136.0,6.098978042602539,0.002384863793849945,9.999999747378752e-05,100.0,-1.977186918258667,1.0,100.0
713,-13.949033737182617,0.0,136.0,6.090612411499023,0.0024728463031351566,9.999999747378752e-05,100.0,-2.3756113052368164,1.0,100.0
714,-13.944690704345703,0.0,136.0,6.136658191680908,0.001631195773370564,9.999999747378752e-05,100.0,-1.8463563919067383,1.0,100.0
715,-13.940573692321777,0.0,136.0,6.13155460357666,0.0010588332079350948,9.999999747378752e-05,100.0,-2.5687990188598633,0.0,100.0
716,-13.9379243850708,0.0,136.0,6.060497283935547,0.0021489306818693876,9.999999747378752e-05,100.0,-2.7782187461853027,1.0,100.0
717,-13.940023422241211,0.0,136.0,6.066134452819824,0.0012767899315804243,9.999999747378752e-05,100.0,-2.2935121059417725,0.0,100.0
718,-13.93797779083252,0.0,136.0,6.131722450256348,0.000799259461928159,9.999999747378752e-05,100.0,-2.4655184745788574,1.0,100.0
719,-13.938243865966797,0.0,136.0,6.023359298706055,0.0013740655267611146,9.999999747378752e-05,100.0,-2.558919906616211,0.0,100.0
720,-13.938961029052734,0.0,136.0,6.063338756561279,0.001471731928177178,9.999999747378752e-05,100.0,-2.002973794937134,0.10000000149011612,100.0
721,-13.937850952148438,0.0,136.0,6.068864822387695,0.0015316226053982973,9.999999747378752e-05,100.0,-1.9235583543777466,1.0,100.0
722,-13.937329292297363,0.0,136.0,6.130720615386963,0.0037240232340991497,9.999999747378752e-05,100.0,-2.1640069484710693,1.0,100.0
723,-13.93369197845459,0.0,136.0,6.128635883331299,0.0016131618758663535,9.999999747378752e-05,100.0,-1.7477291822433472,0.0,100.0
724,-13.933592796325684,0.0,136.0,6.034029960632324,0.0020629160571843386,9.999999747378752e-05,100.0,-1.9477640390396118,0.0,100.0
725,-13.931272506713867,0.0,136.0,6.022626876831055,0.0016645804280415177,9.999999747378752e-05,100.0,-2.1313905715942383,1.0,100.0
726,-13.928523063659668,0.0,136.0,6.086771011352539,0.0009826549794524908,9.999999747378752e-05,100.0,-1.864222526550293,1.0,100.0
727,-13.925004005432129,0.0,136.0,6.11797571182251,0.001887496910057962,9.999999747378752e-05,100.0,-1.862906575202942,0.0,100.0
728,-13.926097869873047,0.0,136.0,6.0714216232299805,0.0007998469518497586,9.999999747378752e-05,100.0,-1.9156893491744995,1.0,100.0
729,-13.925758361816406,0.0,136.0,6.048956394195557,0.0014164531603455544,9.999999747378752e-05,100.0,-1.7465381622314453,0.0,100.0
730,-13.923744201660156,0.0,136.0,6.112307071685791,0.0009115771390497684,9.999999747378752e-05,100.0,-1.8860118389129639,0.0,100.0
731,-13.92039966583252,0.0,136.0,6.021928310394287,0.0011123883305117488,9.999999747378752e-05,100.0,-1.8977149724960327,0.0,100.0
732,-13.920366287231445,0.0,136.0,6.125527381896973,0.002801171038299799,9.999999747378752e-05,100.0,-1.7128117084503174,1.0,100.0
733,-13.918474197387695,0.0,136.0,6.077414035797119,0.001310877618379891,9.999999747378752e-05,100.0,-1.9647923707962036,1.0,100.0
734,-13.92072582244873,0.0,136.0,6.102755546569824,0.0012256427435204387,9.999999747378752e-05,100.0,-1.7603704929351807,1.0,100.0
735,-13.922049522399902,0.0,136.0,6.091170310974121,0.0010253723012283444,9.999999747378752e-05,100.0,-2.0652565956115723,1.0,100.0
736,-13.925795555114746,0.0,136.0,6.105555534362793,0.0010590208694338799,9.999999747378752e-05,100.0,-1.890478253364563,1.0,100.0
737,-13.928092956542969,0.0,136.0,6.063985347747803,0.0014498799573630095,9.999999747378752e-05,100.0,-1.6811975240707397,1.0,100.0
738,-13.927813529968262,0.0,136.0,6.134758472442627,0.0014128010952845216,9.999999747378752e-05,100.0,-1.631331443786621,1.0,100.0
739,-13.928606986999512,0.0,136.0,6.106234073638916,0.0011207928182557225,9.999999747378752e-05,100.0,-1.7543789148330688,1.0,100.0
740,-13.929254531860352,0.0,136.0,6.037563800811768,0.0026858237106353045,9.999999747378752e-05,100.0,-1.7864266633987427,1.0,100.0
741,-13.927783012390137,0.0,136.0,5.99794340133667,0.001070760190486908,9.999999747378752e-05,100.0,-1.8586162328720093,0.0,100.0
742,-13.925058364868164,0.0,136.0,6.114487171173096,0.0016946159303188324,9.999999747378752e-05,100.0,-1.6210650205612183,0.0,100.0
743,-13.925700187683105,0.0,136.0,6.072586536407471,0.0017241638852283359,9.999999747378752e-05,100.0,-1.552440881729126,1.0,100.0
744,-13.925593376159668,0.0,136.0,6.04303503036499,0.0016476112650707364,9.999999747378752e-05,100.0,-1.637242317199707,1.0,100.0
745,-13.925302505493164,0.0,136.0,6.086704730987549,0.0011279145255684853,9.999999747378752e-05,100.0,-1.6619573831558228,1.0,100.0
746,-13.92717170715332,0.0,136.0,6.098857402801514,0.0007861006888560951,9.999999747378752e-05,100.0,-1.8187175989151,1.0,100.0
747,-13.931449890136719,0.0,136.0,6.077136993408203,0.0020325451623648405,9.999999747378752e-05,100.0,-1.9775211811065674,1.0,100.0
748,-13.932942390441895,0.0,136.0,6.03017520904541,0.0012711642775684595,9.999999747378752e-05,100.0,-1.8369684219360352,1.0,100.0
749,-13.9304838180542,0.0,136.0,6.09196662902832,0.001410110853612423,9.999999747378752e-05,100.0,-1.8291466236114502,1.0,100.0
750,-13.930821418762207,0.0,136.0,6.041015148162842,0.0017383366357535124,9.999999747378752e-05,100.0,-2.07078218460083,1.0,100.0
751,-13.931633949279785,0.0,136.0,6.05835485458374,0.0010480224154889584,9.999999747378752e-05,100.0,-1.7840116024017334,1.0,100.0
752,-13.934946060180664,0.0,136.0,6.062530040740967,0.001066124881617725,9.999999747378752e-05,100.0,-1.7893872261047363,1.0,100.0
753,-13.935535430908203,0.0,136.0,6.139822483062744,0.001329466118477285,9.999999747378752e-05,100.0,-1.6993979215621948,1.0,100.0
754,-13.936083793640137,0.0,136.0,6.121711730957031,0.0014321199851110578,9.999999747378752e-05,100.0,-1.805686116218567,1.0,100.0
755,-13.9320650100708,0.0,136.0,6.114736557006836,0.0010891868732869625,9.999999747378752e-05,100.0,-1.8667651414871216,1.0,100.0
756,-13.931136131286621,0.0,136.0,6.051389694213867,0.001475088531151414,9.999999747378752e-05,100.0,-1.9640073776245117,1.0,100.0
757,-13.927477836608887,0.0,136.0,6.0748491287231445,0.0014251319225877523,9.999999747378752e-05,100.0,-1.872749924659729,1.0,100.0
758,-13.92428207397461,0.0,136.0,6.1394734382629395,0.00160310510545969,9.999999747378752e-05,100.0,-1.859436273574829,1.0,100.0
759,-13.91807746887207,0.0,136.0,6.074300765991211,0.001385407755151391,9.999999747378752e-05,100.0,-1.8481440544128418,1.0,100.0
760,-13.914185523986816,0.0,136.0,6.023889541625977,0.0008367772097699344,9.999999747378752e-05,100.0,-1.7242058515548706,1.0,100.0
761,-13.911894798278809,0.0,136.0,6.110499858856201,0.0011086724698543549,9.999999747378752e-05,100.0,-2.3100945949554443,1.0,100.0
762,-13.908587455749512,0.0,136.0,6.06524658203125,0.0012180204503238201,9.999999747378752e-05,100.0,-2.100477457046509,1.0,100.0
763,-13.902600288391113,0.0,136.0,6.009146690368652,0.0012396581005305052,9.999999747378752e-05,100.0,-1.697282075881958,1.0,100.0
764,-13.898924827575684,0.0,136.0,6.098140239715576,0.002077076816931367,9.999999747378752e-05,100.0,-2.0067501068115234,1.0,100.0
765,-13.894340515136719,0.0,136.0,6.087883949279785,0.001019540592096746,9.999999747378752e-05,100.0,-2.0374696254730225,0.0,100.0
766,-13.889718055725098,0.0,136.0,6.0629143714904785,0.0013572353636845946,9.999999747378752e-05,100.0,-1.8809069395065308,1.0,100.0
767,-13.885251998901367,0.0,136.0,6.077606201171875,0.0014320046175271273,9.999999747378752e-05,100.0,-1.6504486799240112,1.0,100.0
768,-13.881850242614746,0.0,136.0,6.025983810424805,0.0022900800686329603,9.999999747378752e-05,100.0,-1.8203598260879517,1.0,100.0
769,-13.878332138061523,0.0,136.0,6.034636974334717,0.0013178527588024735,9.999999747378752e-05,100.0,-2.055095911026001,1.0,100.0
770,-13.876592636108398,0.0,136.0,6.0743255615234375,0.0015036354307085276,9.999999747378752e-05,100.0,-1.8894983530044556,1.0,100.0
771,-13.874131202697754,0.0,136.0,6.045060157775879,0.0014068593736737967,9.999999747378752e-05,100.0,-2.4199016094207764,0.0,100.0
772,-13.867966651916504,0.0,136.0,6.108677387237549,0.0018851154018193483,9.999999747378752e-05,100.0,-1.7206473350524902,1.0,100.0
773,-13.865041732788086,0.0,136.0,6.108897686004639,0.0015219060005620122,9.999999747378752e-05,100.0,-1.8767120838165283,1.0,100.0
774,-13.860862731933594,0.0,136.0,6.017971515655518,0.0007279146229848266,9.999999747378752e-05,100.0,-2.013662099838257,1.0,100.0
775,-13.855289459228516,0.0,136.0,6.020769119262695,0.001227489672601223,9.999999747378752e-05,100.0,-1.7972455024719238,1.0,100.0
776,-13.850824356079102,0.0,136.0,6.087582588195801,0.005021492950618267,9.999999747378752e-05,100.0,-2.1078453063964844,1.0,100.0
777,-13.843817710876465,0.0,136.0,6.076752185821533,0.0008959339465945959,9.999999747378752e-05,100.0,-1.8930505514144897,1.0,100.0
778,-13.837043762207031,0.0,136.0,6.027912139892578,0.0015573035925626755,9.999999747378752e-05,100.0,-1.7883632183074951,1.0,100.0
779,-13.831894874572754,0.0,136.0,6.035506248474121,0.0009530665120109916,9.999999747378752e-05,100.0,-2.1739959716796875,0.0,100.0
780,-13.834696769714355,0.0,136.0,6.096865653991699,0.000804253329988569,9.999999747378752e-05,100.0,-1.7871208190917969,0.0,100.0
781,-13.830883979797363,0.0,136.0,6.01485013961792,0.0014346566749736667,9.999999747378752e-05,100.0,-1.7946414947509766,1.0,100.0
782,-13.828250885009766,0.0,136.0,6.196455001831055,0.001394878257997334,9.999999747378752e-05,100.0,-1.927396297454834,0.0,100.0
783,-13.827890396118164,0.0,136.0,6.102049827575684,0.0009025843464769423,9.999999747378752e-05,100.0,-1.854811668395996,0.0,100.0
784,-13.826169967651367,0.0,136.0,6.041234493255615,0.001113006379455328,9.999999747378752e-05,100.0,-2.1263439655303955,0.0,100.0
785,-13.827316284179688,0.0,136.0,6.097419261932373,0.0009868216002359986,9.999999747378752e-05,100.0,-1.9102929830551147,0.0,100.0
786,-13.823142051696777,0.0,136.0,6.022390365600586,0.0012163352221250534,9.999999747378752e-05,100.0,-2.028355836868286,1.0,100.0
787,-13.820235252380371,0.0,136.0,6.033179759979248,0.002446322701871395,9.999999747378752e-05,100.0,-1.9241433143615723,0.0,100.0
788,-13.820845603942871,0.0,136.0,6.039524555206299,0.0021913035307079554,9.999999747378752e-05,100.0,-2.086698532104492,0.0,100.0
789,-13.819859504699707,0.0,136.0,5.995675086975098,0.0007783554028719664,9.999999747378752e-05,100.0,-2.210721492767334,0.0,100.0
790,-13.820100784301758,0.0,136.0,6.040138244628906,0.0014726504450663924,9.999999747378752e-05,100.0,-2.0900020599365234,1.0,100.0
791,-13.823169708251953,0.0,136.0,6.0490403175354,0.0011519534746184945,9.999999747378752e-05,100.0,-2.302837610244751,1.0,100.0
792,-13.823725700378418,0.0,136.0,6.010775089263916,0.0016278616385534406,9.999999747378752e-05,100.0,-2.356630325317383,0.0,100.0
793,-13.82474422454834,0.0,136.0,6.03290319442749,0.0010962362866848707,9.999999747378752e-05,100.0,-2.2412564754486084,0.0,100.0
794,-13.823232650756836,0.0,136.0,5.989786148071289,0.0007405024953186512,9.999999747378752e-05,100.0,-2.076803207397461,0.0,100.0
795,-13.82127857208252,0.0,136.0,6.0482964515686035,0.0016391560202464461,9.999999747378752e-05,100.0,-2.154012680053711,0.0,100.0
796,-13.81784725189209,0.0,136.0,6.028049945831299,0.001562279649078846,9.999999747378752e-05,100.0,-2.0826845169067383,1.0,100.0
797,-13.817525863647461,0.0,136.0,6.035289764404297,0.001126662129536271,9.999999747378752e-05,100.0,-2.0200321674346924,1.0,100.0
798,-13.816780090332031,0.0,136.0,6.081701278686523,0.001282650395296514,9.999999747378752e-05,100.0,-1.9976311922073364,1.0,100.0
799,-13.818596839904785,0.0,136.0,6.016997337341309,0.0011886063730344176,9.999999747378752e-05,100.0,-1.8186368942260742,1.0,100.0
800,-13.815582275390625,0.0,136.0,6.026434898376465,0.0020293607376515865,9.999999747378752e-05,100.0,-1.8634986877441406,1.0,100.0
801,-13.811525344848633,0.0,136.0,6.001604080200195,0.0012441183207556605,9.999999747378752e-05,100.0,-1.7478089332580566,0.0,100.0
802,-13.810577392578125,0.0,136.0,6.046883583068848,0.00143287586979568,9.999999747378752e-05,100.0,-1.948331356048584,1.0,100.0
803,-13.810317039489746,0.0,136.0,5.997038841247559,0.001876266673207283,9.999999747378752e-05,100.0,-1.8777878284454346,0.0,100.0
804,-13.808570861816406,0.0,136.0,6.033875465393066,0.0012549322564154863,9.999999747378752e-05,100.0,-1.798341989517212,0.0,100.0
805,-13.803470611572266,0.0,136.0,5.930132865905762,0.0008694251300767064,9.999999747378752e-05,100.0,-1.9441460371017456,1.0,100.0
806,-13.804109573364258,0.0,136.0,6.035557746887207,0.0012299208901822567,9.999999747378752e-05,100.0,-2.1066408157348633,0.0,100.0
807,-13.801016807556152,0.0,136.0,6.045886039733887,0.0010074774036183953,9.999999747378752e-05,100.0,-1.8242475986480713,0.0,100.0
808,-13.798877716064453,0.0,136.0,6.014969348907471,0.001094807987101376,9.999999747378752e-05,100.0,-2.0496621131896973,0.0,100.0
809,-13.800681114196777,0.0,136.0,5.988480567932129,0.0022281347773969173,9.999999747378752e-05,100.0,-2.0871992111206055,0.0,100.0
810,-13.79925537109375,0.0,136.0,5.985057353973389,0.0014222227036952972,9.999999747378752e-05,100.0,-1.7847808599472046,1.0,100.0
811,-13.800702095031738,0.0,136.0,6.0096588134765625,0.0015897793928161263,9.999999747378752e-05,100.0,-1.977948784828186,0.0,100.0
812,-13.798893928527832,0.0,136.0,6.04641056060791,0.0009843313600867987,9.999999747378752e-05,100.0,-2.0268123149871826,1.0,100.0
813,-13.798619270324707,0.0,136.0,6.01547908782959,0.002066970570012927,9.999999747378752e-05,100.0,-1.610579013824463,1.0,100.0
814,-13.799179077148438,0.0,136.0,5.98514461517334,0.0011818449711427093,9.999999747378752e-05,100.0,-1.719209909439087,1.0,100.0
815,-13.800674438476562,0.0,136.0,6.000357151031494,0.0011955398367717862,9.999999747378752e-05,100.0,-1.6731493473052979,1.0,100.0
816,-13.798881530761719,0.0,136.0,6.083340644836426,0.0010284420568495989,9.999999747378752e-05,100.0,-2.0051801204681396,0.0,100.0
817,-13.797722816467285,0.0,136.0,5.994803428649902,0.001154003432020545,9.999999747378752e-05,100.0,-1.7955925464630127,1.0,100.0
818,-13.793835639953613,0.0,136.0,6.078591346740723,0.000792242179159075,9.999999747378752e-05,100.0,-1.6045843362808228,1.0,100.0
819,-13.79061508178711,0.0,136.0,6.031800270080566,0.001163511537015438,9.999999747378752e-05,100.0,-1.9496772289276123,1.0,100.0
820,-13.790027618408203,0.0,136.0,6.057081699371338,0.0010655465302988887,9.999999747378752e-05,100.0,-1.7994608879089355,1.0,100.0
821,-13.787796974182129,0.0,136.0,5.941806316375732,0.0019002261105924845,9.999999747378752e-05,100.0,-1.8319400548934937,1.0,100.0
822,-13.784658432006836,0.0,136.0,6.054934978485107,0.0021166526712477207,9.999999747378752e-05,100.0,-1.8573561906814575,1.0,100.0
823,-13.783031463623047,0.0,136.0,6.017862796783447,0.0010365026537328959,9.999999747378752e-05,100.0,-1.937317967414856,1.0,100.0
824,-13.778346061706543,0.0,136.0,6.025515079498291,0.0009231063886545599,9.999999747378752e-05,100.0,-1.7155386209487915,1.0,100.0
825,-13.780075073242188,0.0,136.0,5.962990760803223,0.001267376122996211,9.999999747378752e-05,100.0,-1.8772450685501099,1.0,100.0
826,-13.781466484069824,0.0,136.0,5.963341236114502,0.0015923434402793646,9.999999747378752e-05,100.0,-1.9180502891540527,0.0,100.0
827,-13.77962589263916,0.0,136.0,5.997617721557617,0.002030737465247512,9.999999747378752e-05,100.0,-2.037850856781006,0.0,100.0
828,-13.77580451965332,0.0,136.0,5.980190277099609,0.0016592461615800858,9.999999747378752e-05,100.0,-1.8748418092727661,1.0,100.0
829,-13.774539947509766,0.0,136.0,6.001992702484131,0.0017089098691940308,9.999999747378752e-05,100.0,-1.919302225112915,0.0,100.0
830,-13.773056983947754,0.0,136.0,6.015408515930176,0.001113155740313232,9.999999747378752e-05,100.0,-2.1123363971710205,0.0,100.0
831,-13.769386291503906,0.0,136.0,5.9778852462768555,0.0010066760005429387,9.999999747378752e-05,100.0,-1.5887001752853394,1.0,100.0
832,-13.767607688903809,0.0,136.0,5.998230934143066,0.001637610956095159,9.999999747378752e-05,100.0,-1.548296332359314,1.0,100.0
833,-13.765268325805664,0.0,136.0,6.0059733390808105,0.00218814960680902,9.999999747378752e-05,100.0,-1.7985986471176147,1.0,100.0
834,-13.760066986083984,0.0,136.0,6.089818000793457,0.001436798251233995,9.999999747378752e-05,100.0,-1.8120354413986206,1.0,100.0
835,-13.754328727722168,0.0,136.0,5.989773750305176,0.001167839509434998,9.999999747378752e-05,100.0,-1.7577674388885498,1.0,100.0
836,-13.750825881958008,0.0,136.0,5.984636306762695,0.0016462657367810607,9.999999747378752e-05,100.0,-1.9919596910476685,1.0,100.0
837,-13.749481201171875,0.0,136.0,6.0242695808410645,0.001217535580508411,9.999999747378752e-05,100.0,-1.591025471687317,1.0,100.0
838,-13.745345115661621,0.0,136.0,5.99622917175293,0.0007341268938034773,9.999999747378752e-05,100.0,-1.5922280550003052,1.0,100.0
839,-13.740640640258789,0.0,136.0,5.8740692138671875,0.0011623830068856478,9.999999747378752e-05,100.0,-1.5289733409881592,1.0,100.0
840,-13.736658096313477,0.0,136.0,5.971639156341553,0.0028700351249426603,9.999999747378752e-05,100.0,-1.626144289970398,0.0,100.0
841,-13.733041763305664,0.0,136.0,5.985702037811279,0.0009268386056646705,9.999999747378752e-05,100.0,-1.578237771987915,1.0,100.0
842,-13.730210304260254,0.0,136.0,6.016409397125244,0.0015801277477294207,9.999999747378752e-05,100.0,-1.7080506086349487,1.0,100.0
843,-13.730265617370605,0.0,136.0,5.9848198890686035,0.0010847037192434072,9.999999747378752e-05,100.0,-1.4551681280136108,1.0,100.0
844,-13.731980323791504,0.0,136.0,6.011949062347412,0.0014269847888499498,9.999999747378752e-05,100.0,-1.60487961769104,1.0,100.0
845,-13.730079650878906,0.0,136.0,5.984407901763916,0.001376788830384612,9.999999747378752e-05,100.0,-1.3426388502120972,1.0,100.0
846,-13.731825828552246,0.0,136.0,5.988704204559326,0.0012763743288815022,9.999999747378752e-05,100.0,-1.5610835552215576,1.0,100.0
847,-13.731410026550293,0.0,136.0,6.022725582122803,0.0013099272036924958,9.999999747378752e-05,100.0,-1.7199534177780151,1.0,100.0
848,-13.731362342834473,0.0,136.0,6.026424884796143,0.0011732984567061067,9.999999747378752e-05,100.0,-1.9762096405029297,1.0,100.0
849,-13.730534553527832,0.0,136.0,5.975347518920898,0.004256193991750479,9.999999747378752e-05,100.0,-1.489216685295105,1.0,100.0
850,-13.73360824584961,0.0,136.0,5.920804023742676,0.0017192839877679944,9.999999747378752e-05,100.0,-2.1726577281951904,1.0,100.0
851,-13.735517501831055,0.0,136.0,6.058229923248291,0.001298041082918644,9.999999747378752e-05,100.0,-1.4400190114974976,1.0,100.0
852,-13.735922813415527,0.0,136.0,5.938714504241943,0.001790611888282001,9.999999747378752e-05,100.0,-1.8474769592285156,1.0,100.0
853,-13.737314224243164,0.0,136.0,5.967537879943848,0.0022547992412000895,9.999999747378752e-05,100.0,-1.4208762645721436,1.0,100.0
854,-13.736078262329102,0.0,136.0,5.929594993591309,0.0008173577371053398,9.999999747378752e-05,100.0,-1.6519248485565186,1.0,100.0
855,-13.735614776611328,0.0,136.0,6.005921363830566,0.0015006731264293194,9.999999747378752e-05,100.0,-1.4568597078323364,1.0,100.0
856,-13.737704277038574,0.0,136.0,6.07185697555542,0.000996021437458694,9.999999747378752e-05,100.0,-2.502830743789673,1.0,100.0
857,-13.738751411437988,0.0,136.0,5.986397743225098,0.000940660189371556,9.999999747378752e-05,100.0,-1.749637484550476,1.0,100.0
858,-13.726178169250488,0.0,136.0,5.911710262298584,0.0009682703530415893,9.999999747378752e-05,100.0,-2.0131146907806396,0.0,100.0
859,-13.715080261230469,0.0,136.0,5.961377143859863,0.0011679393937811255,9.999999747378752e-05,100.0,-2.3149240016937256,1.0,100.0
860,-13.70155143737793,0.0,136.0,5.930421829223633,0.0010271761566400528,9.999999747378752e-05,100.0,-1.5053048133850098,1.0,100.0
861,-13.688551902770996,0.0,136.0,5.971043109893799,0.0013466821983456612,9.999999747378752e-05,100.0,-1.5919269323349,1.0,100.0
862,-13.672896385192871,0.0,136.0,5.959136486053467,0.0010493354639038444,9.999999747378752e-05,100.0,-1.6703758239746094,1.0,100.0
863,-13.659870147705078,0.0,136.0,5.862332820892334,0.001144019770435989,9.999999747378752e-05,100.0,-1.7353438138961792,1.0,100.0
864,-13.64084243774414,0.0,136.0,5.95749568939209,0.0022864097263664007,9.999999747378752e-05,100.0,-1.3197236061096191,1.0,100.0
865,-13.61898136138916,0.0,136.0,6.034581661224365,0.0022359497379511595,9.999999747378752e-05,100.0,-1.9925099611282349,1.0,100.0
866,-13.595376014709473,0.0,136.0,5.9829888343811035,0.0015897453995421529,9.999999747378752e-05,100.0,-1.6744974851608276,1.0,100.0
867,-13.576534271240234,0.0,136.0,5.972207546234131,0.0009111006511375308,9.999999747378752e-05,100.0,-2.104095458984375,1.0,100.0
868,-13.55422592163086,0.0,136.0,5.9691362380981445,0.0009810853516682982,9.999999747378752e-05,100.0,-1.4542454481124878,1.0,100.0
869,-13.533578872680664,0.0,136.0,5.99974250793457,0.0021545784547924995,9.999999747378752e-05,100.0,-1.3599002361297607,1.0,100.0
870,-13.516480445861816,0.0,136.0,5.991584300994873,0.0011183582246303558,9.999999747378752e-05,100.0,-1.5716869831085205,1.0,100.0
871,-13.494375228881836,0.0,136.0,6.017284870147705,0.0011234343983232975,9.999999747378752e-05,100.0,-1.3851642608642578,1.0,100.0
872,-13.471941947937012,0.0,136.0,5.992955207824707,0.001531423651613295,9.999999747378752e-05,100.0,-1.8319343328475952,1.0,100.0
873,-13.449204444885254,0.0,136.0,5.902979373931885,0.0010151250753551722,9.999999747378752e-05,100.0,-1.599076509475708,1.0,100.0
874,-13.429208755493164,0.0,136.0,5.970844268798828,0.0010833306005224586,9.999999747378752e-05,100.0,-1.3850606679916382,1.0,100.0
875,-13.401344299316406,0.0,136.0,5.887856960296631,0.0033251617569476366,9.999999747378752e-05,100.0,-1.9180787801742554,1.0,100.0
876,-13.378157615661621,0.0,136.0,5.935681343078613,0.0016870055114850402,9.999999747378752e-05,100.0,-1.6778831481933594,1.0,100.0
877,-13.359400749206543,0.0,136.0,5.955600261688232,0.0010279713897034526,9.999999747378752e-05,100.0,-1.5214958190917969,0.0,100.0
878,-13.335487365722656,0.0,136.0,5.91926383972168,0.000865353096742183,9.999999747378752e-05,100.0,-1.3544600009918213,1.0,100.0
879,-13.315632820129395,0.0,136.0,5.974095344543457,0.0016506229294463992,9.999999747378752e-05,100.0,-1.3809117078781128,1.0,100.0
880,-13.291337013244629,0.0,136.0,5.926034450531006,0.0011100070551037788,9.999999747378752e-05,100.0,-1.6089129447937012,1.0,100.0
881,-13.26317310333252,0.0,136.0,5.889287948608398,0.0010697146644815803,9.999999747378752e-05,100.0,-1.610089898109436,1.0,100.0
882,-13.23853588104248,0.0,136.0,5.907883167266846,0.001927523291669786,9.999999747378752e-05,100.0,-1.5134010314941406,0.0,100.0
883,-13.227088928222656,0.0,136.0,5.905658721923828,0.0009286327986046672,9.999999747378752e-05,100.0,-1.4965758323669434,1.0,100.0
884,-13.215445518493652,0.0,136.0,5.970961093902588,0.001349312486127019,9.999999747378752e-05,100.0,-2.311270236968994,1.0,100.0
885,-13.213947296142578,0.0,136.0,5.882242202758789,0.0013247012393549085,9.999999747378752e-05,100.0,-1.553594946861267,1.0,100.0
886,-13.230247497558594,0.0,136.0,5.970280170440674,0.0017095565563067794,9.999999747378752e-05,100.0,-1.2584725618362427,1.0,100.0
887,-13.243107795715332,0.0,136.0,5.907158374786377,0.0012129851384088397,9.999999747378752e-05,100.0,-1.431676983833313,1.0,100.0
888,-13.245227813720703,0.0,136.0,5.919662952423096,0.0007846464868634939,9.999999747378752e-05,100.0,-1.5557061433792114,1.0,100.0
889,-13.26534366607666,0.0,136.0,5.938906192779541,0.0030551340896636248,9.999999747378752e-05,100.0,-1.9898008108139038,1.0,100.0
890,-13.280238151550293,0.0,136.0,5.9745049476623535,0.001237185439094901,9.999999747378752e-05,100.0,-1.5564749240875244,1.0,100.0
891,-13.304997444152832,0.0,136.0,5.99151611328125,0.0010947877308353782,9.999999747378752e-05,100.0,-2.017932653427124,1.0,100.0
892,-13.32909870147705,0.0,136.0,5.855653762817383,0.0008350112475454807,9.999999747378752e-05,100.0,-1.912459135055542,1.0,100.0
893,-13.351540565490723,0.0,136.0,5.944451808929443,0.001115251798182726,9.999999747378752e-05,100.0,-1.4154292345046997,1.0,100.0
894,-13.366096496582031,0.0,136.0,5.921765327453613,0.0014160347636789083,9.999999747378752e-05,100.0,-1.3827424049377441,1.0,100.0
895,-13.37724494934082,0.0,136.0,5.975480079650879,0.001302833785302937,9.999999747378752e-05,100.0,-1.496758222579956,1.0,100.0
896,-13.395634651184082,0.0,136.0,5.948376655578613,0.0012270130682736635,9.999999747378752e-05,100.0,-1.8552488088607788,1.0,100.0
897,-13.411609649658203,0.0,136.0,5.92429780960083,0.0011841768864542246,9.999999747378752e-05,100.0,-1.9718838930130005,1.0,100.0
898,-13.41540813446045,0.0,136.0,6.010514736175537,0.001199302263557911,9.999999747378752e-05,100.0,-1.7844218015670776,1.0,100.0
899,-13.424409866333008,0.0,136.0,5.920114040374756,0.0012623374350368977,9.999999747378752e-05,100.0,-1.728600025177002,1.0,100.0
900,-13.427050590515137,0.0,136.0,5.959144592285156,0.0017423441167920828,9.999999747378752e-05,100.0,-1.4988141059875488,0.0,100.0
901,-13.42141056060791,0.0,136.0,6.009708404541016,0.0017166930483654141,9.999999747378752e-05,100.0,-1.677857756614685,1.0,100.0
902,-13.407628059387207,0.0,136.0,5.896728992462158,0.0018477000994607806,9.999999747378752e-05,100.0,-1.370779037475586,1.0,100.0
903,-13.407163619995117,0.0,136.0,5.912230968475342,0.0019220218528062105,9.999999747378752e-05,100.0,-2.1693313121795654,0.0,100.0
904,-13.401013374328613,0.0,136.0,5.9657883644104,0.0006513729458674788,9.999999747378752e-05,100.0,-1.6927917003631592,1.0,100.0
905,-13.404253959655762,0.0,136.0,5.933463096618652,0.00181288062594831,9.999999747378752e-05,100.0,-1.6374777555465698,1.0,100.0
906,-13.40577220916748,0.0,136.0,5.9011735916137695,0.0014433532487601042,9.999999747378752e-05,100.0,-1.6817642450332642,1.0,100.0
907,-13.412599563598633,0.0,136.0,5.968043804168701,0.0015386748127639294,9.999999747378752e-05,100.0,-1.4470393657684326,1.0,100.0
908,-13.406634330749512,0.0,136.0,5.882655620574951,0.002924345200881362,9.999999747378752e-05,100.0,-1.5787084102630615,1.0,100.0
909,-13.414093971252441,0.0,136.0,5.963118076324463,0.0017883810214698315,9.999999747378752e-05,100.0,-1.417500615119934,1.0,100.0
910,-13.406213760375977,0.0,136.0,5.876462459564209,0.0009514623670838773,9.999999747378752e-05,100.0,-1.2925701141357422,1.0,100.0
911,-13.377866744995117,0.0,136.0,5.897885322570801,0.0014734090073034167,9.999999747378752e-05,100.0,-1.6780879497528076,1.0,100.0
912,-13.361701965332031,0.0,136.0,5.977771759033203,0.001224881038069725,9.999999747378752e-05,100.0,-1.7556930780410767,1.0,100.0
913,-13.350984573364258,0.0,136.0,5.856853008270264,0.0012754546478390694,9.999999747378752e-05,100.0,-1.91885507106781,0.0,100.0
914,-13.32663345336914,0.0,136.0,5.949453353881836,0.0021259537898004055,9.999999747378752e-05,100.0,-1.496860384941101,1.0,100.0
915,-13.310786247253418,0.0,136.0,5.913581848144531,0.0010520701762288809,9.999999747378752e-05,100.0,-1.499243974685669,1.0,100.0
916,-13.282387733459473,0.0,136.0,5.958756446838379,0.000699876865837723,9.999999747378752e-05,100.0,-1.6829421520233154,0.0,100.0
917,-13.251354217529297,0.0,136.0,5.9471435546875,0.0008060824475251138,9.999999747378752e-05,100.0,-1.8622453212738037,0.0,100.0
918,-13.222844123840332,0.0,136.0,5.966842174530029,0.001607680693268776,9.999999747378752e-05,100.0,-2.485788345336914,1.0,100.0
919,-13.20433235168457,0.0,136.0,5.904566287994385,0.0018090804805979133,9.999999747378752e-05,100.0,-1.3248142004013062,1.0,100.0
920,-13.186785697937012,0.0,136.0,5.970784664154053,0.0016294479137286544,9.999999747378752e-05,100.0,-1.3198298215866089,1.0,100.0
921,-13.162965774536133,0.0,136.0,5.9331560134887695,0.0012972455006092787,9.999999747378752e-05,100.0,-1.6510326862335205,1.0,100.0
922,-13.141488075256348,0.0,136.0,5.890890121459961,0.0024486565962433815,9.999999747378752e-05,100.0,-1.3684505224227905,1.0,100.0
923,-13.127360343933105,0.0,136.0,5.89503288269043,0.0010414904681965709,9.999999747378752e-05,100.0,-1.4575916528701782,1.0,100.0
924,-13.109256744384766,0.0,136.0,5.883609771728516,0.001622163923457265,9.999999747378752e-05,100.0,-1.247907042503357,1.0,100.0
925,-13.099126815795898,0.0,136.0,5.938779354095459,0.00137449917383492,9.999999747378752e-05,100.0,-1.6789782047271729,0.0,100.0
926,-13.096933364868164,0.0,136.0,5.934737205505371,0.0019900540355592966,9.999999747378752e-05,100.0,-1.7050410509109497,0.0,100.0
927,-13.099213600158691,0.0,136.0,5.905363082885742,0.0014541668351739645,9.999999747378752e-05,100.0,-1.4956607818603516,1.0,100.0
928,-13.090065002441406,0.0,136.0,5.867147445678711,0.001402606605552137,9.999999747378752e-05,100.0,-2.4515628814697266,0.0,100.0
929,-13.08321762084961,0.0,136.0,5.989657878875732,0.001331430277787149,9.999999747378752e-05,100.0,-1.5103310346603394,1.0,100.0
930,-13.076289176940918,0.0,136.0,5.893603324890137,0.002752841915935278,9.999999747378752e-05,100.0,-1.5121619701385498,0.0,100.0
931,-13.068561553955078,0.0,136.0,5.888188362121582,0.0029539046809077263,9.999999747378752e-05,100.0,-1.4711045026779175,1.0,100.0
932,-13.055980682373047,0.0,136.0,5.931422233581543,0.0016788971843197942,9.999999747378752e-05,100.0,-1.4009175300598145,1.0,100.0
933,-13.05031681060791,0.0,136.0,5.900628089904785,0.0011902161641046405,9.999999747378752e-05,100.0,-1.4760103225708008,1.0,100.0
934,-13.030484199523926,0.0,136.0,5.905437469482422,0.0015923266764730215,9.999999747378752e-05,100.0,-1.5835866928100586,1.0,100.0
935,-13.02144718170166,0.0,136.0,5.8766069412231445,0.0024338182993233204,9.999999747378752e-05,100.0,-1.3988287448883057,1.0,100.0
936,-13.013297080993652,0.0,136.0,5.888829231262207,0.0011238461593165994,9.999999747378752e-05,100.0,-1.249688982963562,1.0,100.0
937,-12.998053550720215,0.0,136.0,5.894516944885254,0.0009900842560455203,9.999999747378752e-05,100.0,-1.5047845840454102,1.0,100.0
938,-12.987701416015625,0.0,136.0,5.893894195556641,0.0017205043695867062,9.999999747378752e-05,100.0,-1.3053151369094849,1.0,100.0
939,-12.97873592376709,0.0,136.0,5.944921016693115,0.0010916830506175756,9.999999747378752e-05,100.0,-1.5098177194595337,1.0,100.0
940,-12.96876335144043,0.0,136.0,5.90724515914917,0.0012689994182437658,9.999999747378752e-05,100.0,-1.8386714458465576,0.0,100.0
941,-12.964370727539062,0.0,136.0,5.920485019683838,0.0014213757822290063,9.999999747378752e-05,100.0,-1.8411281108856201,1.0,100.0
942,-12.961005210876465,0.0,136.0,5.907244682312012,0.0010229077888652682,9.999999747378752e-05,100.0,-1.7370529174804688,0.0,100.0
943,-12.958611488342285,0.0,136.0,5.901998996734619,0.002724551595747471,9.999999747378752e-05,100.0,-1.6236671209335327,0.0,100.0
944,-12.95137882232666,0.0,136.0,5.819234371185303,0.0014422116801142693,9.999999747378752e-05,100.0,-1.4604103565216064,1.0,100.0
945,-12.945533752441406,0.0,136.0,5.849178791046143,0.0009506361093372107,9.999999747378752e-05,100.0,-1.7565380334854126,0.0,100.0
946,-12.94099235534668,0.0,136.0,5.894834995269775,0.001096785650588572,9.999999747378752e-05,100.0,-1.455910325050354,0.0,100.0
947,-12.93804931640625,0.0,136.0,5.856315612792969,0.0018125141505151987,9.999999747378752e-05,100.0,-1.4307795763015747,1.0,100.0
948,-12.943349838256836,0.0,136.0,5.906503200531006,0.0011215261183679104,9.999999747378752e-05,100.0,-1.3839092254638672,1.0,100.0
949,-12.943381309509277,0.0,136.0,5.888267993927002,0.001326452475041151,9.999999747378752e-05,100.0,-1.3456085920333862,0.0,100.0
950,-12.945159912109375,0.0,136.0,5.896964073181152,0.001076971529982984,9.999999747378752e-05,100.0,-1.3514328002929688,1.0,100.0
951,-12.942293167114258,0.0,136.0,5.908073902130127,0.0009000005666166544,9.999999747378752e-05,100.0,-1.37831711769104,0.0,100.0
952,-12.940471649169922,0.0,136.0,5.819186210632324,0.0007820668979547918,9.999999747378752e-05,100.0,-1.5641065835952759,0.0,100.0
953,-12.942367553710938,0.0,136.0,5.920625686645508,0.001121784676797688,9.999999747378752e-05,100.0,-1.454418420791626,1.0,100.0
954,-12.94861888885498,0.0,136.0,5.86654806137085,0.001545618404634297,9.999999747378752e-05,100.0,-1.5615845918655396,1.0,100.0
955,-12.95061206817627,0.0,136.0,5.89981746673584,0.0024094791151583195,9.999999747378752e-05,100.0,-1.5393948554992676,1.0,100.0
956,-12.95522403717041,0.0,136.0,5.820462703704834,0.0009367175516672432,9.999999747378752e-05,100.0,-1.5396058559417725,1.0,100.0
957,-12.955157279968262,0.0,136.0,5.866236686706543,0.0007746009505353868,9.999999747378752e-05,100.0,-1.8232853412628174,0.0,100.0
958,-12.962583541870117,0.0,136.0,5.812443256378174,0.0008699720492586493,9.999999747378752e-05,100.0,-1.61849045753479,0.0,100.0
959,-12.967279434204102,0.0,136.0,5.904150009155273,0.0014634424587711692,9.999999747378752e-05,100.0,-1.4297064542770386,0.0,100.0
960,-12.967979431152344,0.0,136.0,5.962283611297607,0.0012463164748623967,9.999999747378752e-05,100.0,-1.7053180932998657,1.0,100.0
961,-12.97257137298584,0.0,136.0,5.785484313964844,0.0008186142658814788,9.999999747378752e-05,100.0,-1.6210296154022217,1.0,100.0
962,-12.974869728088379,0.0,136.0,5.895959854125977,0.0009236821788363159,9.999999747378752e-05,100.0,-1.6752514839172363,1.0,100.0
963,-12.9773588180542,0.0,136.0,5.886919021606445,0.0014345934614539146,9.999999747378752e-05,100.0,-1.368602991104126,0.0,100.0
964,-12.980719566345215,0.0,136.0,5.931511402130127,0.0009936001151800156,9.999999747378752e-05,100.0,-1.6013659238815308,0.0,100.0
965,-12.976430892944336,0.0,136.0,5.88809871673584,0.002939717611297965,9.999999747378752e-05,100.0,-1.490676999092102,0.0,100.0
966,-12.977892875671387,0.0,136.0,5.9102396965026855,0.002684791572391987,9.999999747378752e-05,100.0,-1.8467596769332886,1.0,100.0
967,-12.976544380187988,0.0,136.0,5.860832214355469,0.0008403577958233654,9.999999747378752e-05,100.0,-1.425918459892273,1.0,100.0
968,-12.978621482849121,0.0,136.0,5.9164252281188965,0.0012540632160380483,9.999999747378752e-05,100.0,-1.3978593349456787,1.0,100.0
969,-12.98159122467041,0.0,136.0,5.808150768280029,0.0009124475182034075,9.999999747378752e-05,100.0,-1.5577620267868042,1.0,100.0
970,-12.981040000915527,0.0,136.0,5.850371360778809,0.001036906847730279,9.999999747378752e-05,100.0,-1.5242640972137451,0.0,100.0
971,-12.980881690979004,0.0,136.0,5.95676851272583,0.0010392949916422367,9.999999747378752e-05,100.0,-1.4539929628372192,0.0,100.0
972,-12.984292984008789,0.0,136.0,5.91139030456543,0.0008920571417547762,9.999999747378752e-05,100.0,-1.7925920486450195,1.0,100.0
973,-12.983631134033203,0.0,136.0,5.866977214813232,0.0046911220997571945,9.999999747378752e-05,100.0,-1.4902870655059814,1.0,100.0
974,-12.984637260437012,0.0,136.0,5.792884826660156,0.0015051927184686065,9.999999747378752e-05,100.0,-1.3290305137634277,1.0,100.0
975,-12.97971248626709,0.0,136.0,5.824190139770508,0.0011386804981157184,9.999999747378752e-05,100.0,-1.644891619682312,0.0,100.0
976,-12.980657577514648,0.0,136.0,5.957479000091553,0.0011536487145349383,9.999999747378752e-05,100.0,-1.6990447044372559,1.0,100.0
977,-12.977043151855469,0.0,136.0,5.834425449371338,0.0009440421708859503,9.999999747378752e-05,100.0,-1.4033716917037964,1.0,100.0
978,-12.982073783874512,0.0,136.0,5.832123756408691,0.0008893972262740135,9.999999747378752e-05,100.0,-2.1225900650024414,0.0,100.0
979,-12.979022026062012,0.0,136.0,5.862864971160889,0.0010939881904050708,9.999999747378752e-05,100.0,-1.6380512714385986,0.0,100.0
980,-12.976780891418457,0.0,136.0,5.859664440155029,0.0023307607043534517,9.999999747378752e-05,100.0,-1.906069040298462,0.0,100.0
981,-12.97072696685791,0.0,136.0,5.880964279174805,0.0012315805070102215,9.999999747378752e-05,100.0,-1.6510719060897827,1.0,100.0
982,-12.96434211730957,0.0,136.0,5.820150852203369,0.0012059196596965194,9.999999747378752e-05,100.0,-1.438302755355835,1.0,100.0
983,-12.957388877868652,0.0,136.0,5.897367477416992,0.0029431371949613094,9.999999747378752e-05,100.0,-1.3951700925827026,0.0,100.0
984,-12.950606346130371,0.0,136.0,5.89723539352417,0.0010566739365458488,9.999999747378752e-05,100.0,-1.7272095680236816,1.0,100.0
985,-12.945544242858887,0.0,136.0,5.83351993560791,0.0019608100410550833,9.999999747378752e-05,100.0,-1.6724885702133179,0.0,100.0
986,-12.938491821289062,0.0,136.0,5.842289447784424,0.0010790282394737005,9.999999747378752e-05,100.0,-2.4859275817871094,0.0,100.0
987,-12.936877250671387,0.0,136.0,5.798037052154541,0.0010532469023019075,9.999999747378752e-05,100.0,-1.8036911487579346,0.0,100.0
988,-12.927783012390137,0.0,136.0,5.860930442810059,0.001207140740007162,9.999999747378752e-05,100.0,-1.7099066972732544,0.0,100.0
989,-12.918723106384277,0.0,136.0,5.9285969734191895,0.001008629216812551,9.999999747378752e-05,100.0,-1.4004167318344116,1.0,100.0
990,-12.912409782409668,0.0,136.0,5.930244445800781,0.0008823630632832646,9.999999747378752e-05,100.0,-1.5717859268188477,1.0,100.0
991,-12.904775619506836,0.0,136.0,5.82224702835083,0.003501227358356118,9.999999747378752e-05,100.0,-1.8129019737243652,1.0,100.0
992,-12.8944091796875,0.0,136.0,5.873915195465088,0.0010570571757853031,9.999999747378752e-05,100.0,-1.8625985383987427,1.0,100.0
993,-12.885931968688965,0.0,136.0,5.8580546379089355,0.0009849382331594825,9.999999747378752e-05,100.0,-1.6651968955993652,1.0,100.0
994,-12.871845245361328,0.0,136.0,5.892426013946533,0.0010444269282743335,9.999999747378752e-05,100.0,-1.7084695100784302,1.0,100.0
995,-12.857771873474121,0.0,136.0,5.773224353790283,0.0013965581310912967,9.999999747378752e-05,100.0,-1.4857186079025269,1.0,100.0
996,-12.84385871887207,0.0,136.0,5.7920050621032715,0.0008697831653989851,9.999999747378752e-05,100.0,-1.5255630016326904,1.0,100.0
997,-12.826691627502441,0.0,136.0,5.910583972930908,0.001556828268803656,9.999999747378752e-05,100.0,-1.5847761631011963,1.0,100.0
998,-12.816988945007324,0.0,136.0,5.865329265594482,0.0018580917967483401,9.999999747378752e-05,100.0,-1.4340503215789795,1.0,100.0
999,-12.807583808898926,0.0,136.0,5.8598103523254395,0.0007412016275338829,9.999999747378752e-05,100.0,-1.6083519458770752,1.0,100.0
1000,-12.802080154418945,0.0,136.0,5.876441478729248,0.0007472774595953524,9.999999747378752e-05,,,,100.0
1001,-12.791688919067383,0.0,136.0,5.86046838760376,0.0010803808690980077,9.999999747378752e-05,,,,100.0
1002,-12.79010009765625,0.0,136.0,5.818744659423828,0.0011262426851317286,9.999999747378752e-05,,,,100.0
1003,-12.776450157165527,0.0,136.0,5.896542072296143,0.0012714916374534369,9.999999747378752e-05,,,,100.0
1004,-12.775349617004395,0.0,136.0,5.7686028480529785,0.006359217222779989,9.999999747378752e-05,,,,100.0
1005,-12.76397705078125,0.0,136.0,5.811030387878418,0.0013682849239557981,9.999999747378752e-05,,,,100.0
1006,-12.774264335632324,0.0,136.0,5.825470924377441,0.0015076956478878856,9.999999747378752e-05,,,,100.0
1007,-12.780097007751465,0.0,136.0,5.88037633895874,0.0007884943042881787,9.999999747378752e-05,,,,100.0
1008,-12.781083106994629,0.0,136.0,5.9459381103515625,0.0009638790506869555,9.999999747378752e-05,,,,100.0
1009,-12.783648490905762,0.0,136.0,5.887129783630371,0.0010856881272047758,9.999999747378752e-05,,,,100.0
1010,-12.790698051452637,0.0,136.0,5.851939678192139,0.0013767771888524294,9.999999747378752e-05,,,,100.0
1011,-12.7891263961792,0.0,136.0,5.861886024475098,0.0007824430940672755,9.999999747378752e-05,,,,100.0
1012,-12.787854194641113,0.0,136.0,5.8723649978637695,0.0018082193564623594,9.999999747378752e-05,,,,100.0
1013,-12.789360046386719,0.0,136.0,5.872023582458496,0.000913311610929668,9.999999747378752e-05,,,,100.0
1014,-12.790020942687988,0.0,136.0,5.807179927825928,0.0011040716199204326,9.999999747378752e-05,,,,100.0
1015,-12.800816535949707,0.0,136.0,5.849496841430664,0.0010453213471919298,9.999999747378752e-05,,,,100.0
1016,-12.808290481567383,0.0,136.0,5.871751308441162,0.0014406078262254596,9.999999747378752e-05,,,,100.0
1017,-12.820089340209961,0.0,136.0,5.847043991088867,0.0007792181568220258,9.999999747378752e-05,,,,100.0
1018,-12.82762336730957,0.0,136.0,5.872212886810303,0.001336070941761136,9.999999747378752e-05,,,,100.0
1019,-12.838031768798828,0.0,136.0,5.853710174560547,0.0009213848388753831,9.999999747378752e-05,,,,100.0
1020,-12.851332664489746,0.0,136.0,5.886826515197754,0.0011404347606003284,9.999999747378752e-05,,,,100.0
1021,-12.86205005645752,0.0,136.0,5.795692443847656,0.0008129405323415995,9.999999747378752e-05,,,,100.0
1022,-12.868992805480957,0.0,136.0,5.809607982635498,0.0034340964630246162,9.999999747378752e-05,,,,100.0
1023,-12.873832702636719,0.0,136.0,5.895738124847412,0.001367115881294012,9.999999747378752e-05,,,,100.0
1024,-12.8768892288208,0.0,136.0,5.812548637390137,0.0017497728113085032,9.999999747378752e-05,,,,100.0
1025,-12.88200569152832,0.0,136.0,5.768507480621338,0.0017600933788344264,9.999999747378752e-05,,,,100.0
1026,-12.883240699768066,0.0,136.0,5.748861312866211,0.0009800376137718558,9.999999747378752e-05,,,,100.0
1027,-12.883283615112305,0.0,136.0,5.8972368240356445,0.0010070721618831158,9.999999747378752e-05,,,,100.0
1028,-12.888309478759766,0.0,136.0,5.788145065307617,0.0009864005260169506,9.999999747378752e-05,,,,100.0
1029,-12.883469581604004,0.0,136.0,5.843990802764893,0.0013408438535407186,9.999999747378752e-05,,,,100.0
1030,-12.881211280822754,0.0,136.0,5.854145050048828,0.0009318852098658681,9.999999747378752e-05,,,,100.0
1031,-12.865509033203125,0.0,136.0,5.814403533935547,0.0009247113484889269,9.999999747378752e-05,,,,100.0
1032,-12.853520393371582,0.0,136.0,5.767327785491943,0.0009180926717817783,9.999999747378752e-05,,,,100.0
1033,-12.849383354187012,0.0,136.0,5.798710823059082,0.0010460434714332223,9.999999747378752e-05,,,,100.0
1034,-12.848456382751465,0.0,136.0,5.833596706390381,0.002653282368555665,9.999999747378752e-05,,,,100.0
1035,-12.841638565063477,0.0,136.0,5.883667469024658,0.0017032857285812497,9.999999747378752e-05,,,,100.0
1036,-12.841021537780762,0.0,136.0,5.844574928283691,0.0012662241933867335,9.999999747378752e-05,,,,100.0
1037,-12.840319633483887,0.0,136.0,5.794299125671387,0.0012002956354990602,9.999999747378752e-05,,,,100.0
1038,-12.84105396270752,0.0,136.0,5.80319881439209,0.000888773996848613,9.999999747378752e-05,,,,100.0
1039,-12.840479850769043,0.0,136.0,5.919574737548828,0.0007470064447261393,9.999999747378752e-05,,,,100.0
1040,-12.83830738067627,0.0,136.0,5.881453514099121,0.0008802402880974114,9.999999747378752e-05,,,,100.0
1041,-12.829845428466797,0.0,136.0,5.851678371429443,0.0015495753614231944,9.999999747378752e-05,,,,100.0
1042,-12.82002067565918,0.0,136.0,5.852689743041992,0.0008233855478465557,9.999999747378752e-05,,,,100.0
1043,-12.806039810180664,0.0,136.0,5.825839519500732,0.001369595993310213,9.999999747378752e-05,,,,100.0
1044,-12.791064262390137,0.0,136.0,5.864109039306641,0.0008640007581561804,9.999999747378752e-05,,,,100.0
1045,-12.780357360839844,0.0,136.0,5.87249231338501,0.0012484689941629767,9.999999747378752e-05,,,,100.0
1046,-12.769037246704102,0.0,136.0,5.838970184326172,0.0017712304834276438,9.999999747378752e-05,,,,100.0
1047,-12.764059066772461,0.0,136.0,5.901485919952393,0.0008023737464100122,9.999999747378752e-05,,,,100.0
1048,-12.753790855407715,0.0,136.0,5.856605529785156,0.0009446009062230587,9.999999747378752e-05,,,,100.0
1049,-12.74794864654541,0.0,136.0,5.886231899261475,0.0012967311777174473,9.999999747378752e-05,,,,100.0
1050,-12.740900993347168,0.0,136.0,5.861904621124268,0.0011584580643102527,9.999999747378752e-05,,,,100.0
1051,-12.734731674194336,0.0,136.0,5.8352179527282715,0.0033173193223774433,9.999999747378752e-05,,,,100.0
1052,-12.725523948669434,0.0,136.0,5.824490547180176,0.001161764725111425,9.999999747378752e-05,,,,100.0
1053,-12.709922790527344,0.0,136.0,5.847809314727783,0.0013293137308210135,9.999999747378752e-05,,,,100.0
1054,-12.702417373657227,0.0,136.0,5.773130416870117,0.0014272163389250636,9.999999747378752e-05,,,,100.0
1055,-12.702174186706543,0.0,136.0,5.823696136474609,0.0011724492069333792,9.999999747378752e-05,,,,100.0
1056,-12.695731163024902,0.0,136.0,5.828540802001953,0.0016564148245379329,9.999999747378752e-05,,,,100.0
1057,-12.690469741821289,0.0,136.0,5.8484578132629395,0.0010124559048563242,9.999999747378752e-05,,,,100.0
1058,-12.677318572998047,0.0,136.0,5.828633785247803,0.0011245826026424766,9.999999747378752e-05,,,,100.0
1059,-12.666025161743164,0.0,136.0,5.734615802764893,0.0014623214956372976,9.999999747378752e-05,,,,100.0
1060,-12.650835037231445,0.0,136.0,5.780407428741455,0.0011476995423436165,9.999999747378752e-05,,,,100.0
1061,-12.63680362701416,0.0,136.0,5.838402271270752,0.0011792744044214487,9.999999747378752e-05,,,,100.0
1062,-12.618582725524902,0.0,136.0,5.785569190979004,0.0009064252371899784,9.999999747378752e-05,,,,100.0
1063,-12.60557746887207,0.0,136.0,5.7808146476745605,0.000765799602959305,9.999999747378752e-05,,,,100.0
1064,-12.591934204101562,0.0,136.0,5.790768623352051,0.002442816039547324,9.999999747378752e-05,,,,100.0
1065,-12.570246696472168,0.0,136.0,5.844577312469482,0.0012560522882267833,9.999999747378752e-05,,,,100.0
1066,-12.55053997039795,0.0,136.0,5.75922966003418,0.000828612013719976,9.999999747378752e-05,,,,100.0
1067,-12.536561965942383,0.0,136.0,5.822384834289551,0.002122217323631048,9.999999747378752e-05,,,,100.0
1068,-12.52412223815918,0.0,136.0,5.798543930053711,0.0021495441906154156,9.999999747378752e-05,,,,100.0
1069,-12.512090682983398,0.0,136.0,5.801996231079102,0.0008665895438753068,9.999999747378752e-05,,,,100.0
1070,-12.494823455810547,0.0,136.0,5.716304779052734,0.000810137193184346,9.999999747378752e-05,,,,100.0
1071,-12.486495971679688,0.0,136.0,5.8161468505859375,0.0010313756065443158,9.999999747378752e-05,,,,100.0
1072,-12.473738670349121,0.0,136.0,5.816376209259033,0.000899711565580219,9.999999747378752e-05,,,,100.0
1073,-12.464228630065918,0.0,136.0,5.821538925170898,0.001036476925946772,9.999999747378752e-05,,,,100.0
1074,-12.453498840332031,0.0,136.0,5.804678440093994,0.0010525815887376666,9.999999747378752e-05,,,,100.0
1075,-12.4422025680542,0.0,136.0,5.83219051361084,0.0010887602111324668,9.999999747378752e-05,,,,100.0
1076,-12.433751106262207,0.0,136.0,5.833400726318359,0.0010531183797866106,9.999999747378752e-05,,,,100.0
1077,-12.423348426818848,0.0,136.0,5.773979663848877,0.0015777625376358628,9.999999747378752e-05,,,,100.0
1078,-12.420461654663086,0.0,136.0,5.7898688316345215,0.0013339087599888444,9.999999747378752e-05,,,,100.0
1079,-12.411026000976562,0.0,136.0,5.777993202209473,0.0008407859713770449,9.999999747378752e-05,,,,100.0
1080,-12.399646759033203,0.0,136.0,5.778163909912109,0.0021884723100811243,9.999999747378752e-05,,,,100.0
1081,-12.392221450805664,0.0,136.0,5.860795974731445,0.001299711293540895,9.999999747378752e-05,,,,100.0
1082,-12.383898735046387,0.0,136.0,5.822976112365723,0.0007070082938298583,9.999999747378752e-05,,,,100.0
1083,-12.378071784973145,0.0,136.0,5.894981384277344,0.0008885883144102991,9.999999747378752e-05,,,,100.0
1084,-12.369144439697266,0.0,136.0,5.847311019897461,0.001033984124660492,9.999999747378752e-05,,,,100.0
1085,-12.36396598815918,0.0,136.0,5.788722038269043,0.0016045866068452597,9.999999747378752e-05,,,,100.0
1086,-12.357687950134277,0.0,136.0,5.875805854797363,0.0016592603642493486,9.999999747378752e-05,,,,100.0
1087,-12.353314399719238,0.0,136.0,5.790786266326904,0.0021428093314170837,9.999999747378752e-05,,,,100.0
1088,-12.348206520080566,0.0,136.0,5.818604469299316,0.0009891054360195994,9.999999747378752e-05,,,,100.0
1089,-12.343567848205566,0.0,136.0,5.812282562255859,0.000830409349873662,9.999999747378752e-05,,,,100.0
1090,-12.338128089904785,0.0,136.0,5.796471118927002,0.0013196953805163503,9.999999747378752e-05,,,,100.0
1091,-12.342009544372559,0.0,136.0,5.784123420715332,0.000916787888854742,9.999999747378752e-05,,,,100.0
1092,-12.334643363952637,0.0,136.0,5.758821487426758,0.0013990650186315179,9.999999747378752e-05,,,,100.0
1093,-12.32857608795166,0.0,136.0,5.750184059143066,0.0007270493661053479,9.999999747378752e-05,,,,100.0
1094,-12.33045768737793,0.0,136.0,5.8250861167907715,0.0007381481118500233,9.999999747378752e-05,,,,100.0
1095,-12.330244064331055,0.0,136.0,5.8801350593566895,0.000887652684468776,9.999999747378752e-05,,,,100.0
1096,-12.32683277130127,0.0,136.0,5.774626731872559,0.0007041095523163676,9.999999747378752e-05,,,,100.0
1097,-12.327033042907715,0.0,136.0,5.70102596282959,0.0006651082658208907,9.999999747378752e-05,,,,100.0
1098,-12.320393562316895,0.0,136.0,5.793722629547119,0.0009753369959071279,9.999999747378752e-05,,,,100.0
1099,-12.310419082641602,0.0,136.0,5.744987964630127,0.0007475104066543281,9.999999747378752e-05,,,,100.0
1100,-12.304400444030762,0.0,136.0,5.796236991882324,0.0012785167200490832,9.999999747378752e-05,,,,100.0
1101,-12.297188758850098,0.0,136.0,5.837431907653809,0.0012661389773711562,9.999999747378752e-05,,,,100.0
1102,-12.289716720581055,0.0,136.0,5.820523738861084,0.0008733852300792933,9.999999747378752e-05,,,,100.0
1103,-12.284374237060547,0.0,136.0,5.773415565490723,0.0005457242950797081,9.999999747378752e-05,,,,100.0
1104,-12.280390739440918,0.0,136.0,5.726012706756592,0.0012965357163920999,9.999999747378752e-05,,,,100.0
1105,-12.272454261779785,0.0,136.0,5.794622898101807,0.0011189209762960672,9.999999747378752e-05,,,,100.0
1106,-12.263236045837402,0.0,136.0,5.776829719543457,0.0012916085543110967,9.999999747378752e-05,,,,100.0
1107,-12.252924919128418,0.0,136.0,5.770048141479492,0.0008032595505937934,9.999999747378752e-05,,,,100.0
1108,-12.250794410705566,0.0,136.0,5.76806640625,0.002193676307797432,9.999999747378752e-05,,,,100.0
1109,-12.247357368469238,0.0,136.0,5.7171854972839355,0.0014113344950601459,9.999999747378752e-05,,,,100.0
1110,-12.240045547485352,0.0,136.0,5.793319225311279,0.0006817677058279514,9.999999747378752e-05,,,,100.0
1111,-12.233672142028809,0.0,136.0,5.741293907165527,0.0017444497207179666,9.999999747378752e-05,,,,100.0
1112,-12.228799819946289,0.0,136.0,5.740135192871094,0.0014698070008307695,9.999999747378752e-05,,,,100.0
1113,-12.219436645507812,0.0,136.0,5.7629241943359375,0.0009216481121256948,9.999999747378752e-05,,,,100.0
1114,-12.213234901428223,0.0,136.0,5.760301113128662,0.0013816232094541192,9.999999747378752e-05,,,,100.0
1115,-12.20934009552002,0.0,136.0,5.716274738311768,0.0009421483846381307,9.999999747378752e-05,,,,100.0
1116,-12.199846267700195,0.0,136.0,5.761632442474365,0.0009043469908647239,9.999999747378752e-05,,,,100.0
1117,-12.192697525024414,0.0,136.0,5.763174057006836,0.0010150470770895481,9.999999747378752e-05,,,,100.0
1118,-12.184700012207031,0.0,136.0,5.773569107055664,0.0009609783301129937,9.999999747378752e-05,,,,100.0
1119,-12.174880027770996,0.0,136.0,5.7300519943237305,0.0011024621780961752,9.999999747378752e-05,,,,100.0
1120,-12.173779487609863,0.0,136.0,5.782215118408203,0.00313864485360682,9.999999747378752e-05,,,,100.0
1121,-12.16364860534668,0.0,136.0,5.726006984710693,0.0009639403433538973,9.999999747378752e-05,,,,100.0
1122,-12.154122352600098,0.0,136.0,5.75015926361084,0.0007753135869279504,9.999999747378752e-05,,,,100.0
1123,-12.142617225646973,0.0,136.0,5.745298385620117,0.0020619386341422796,9.999999747378752e-05,,,,100.0
1124,-12.132589340209961,0.0,136.0,5.787907600402832,0.0011266712099313736,9.999999747378752e-05,,,,100.0
1125,-12.122895240783691,0.0,136.0,5.777231216430664,0.00274737854488194,9.999999747378752e-05,,,,100.0
1126,-12.113987922668457,0.0,136.0,5.754833698272705,0.00126876519061625,9.999999747378752e-05,,,,100.0
1127,-12.108173370361328,0.0,136.0,5.690659046173096,0.0007955103064887226,9.999999747378752e-05,,,,100.0
1128,-12.099480628967285,0.0,136.0,5.743833065032959,0.0009897782001644373,9.999999747378752e-05,,,,100.0
1129,-12.0864839553833,0.0,136.0,5.739112854003906,0.0008484158315695822,9.999999747378752e-05,,,,100.0
1130,-12.079092979431152,0.0,136.0,5.684092998504639,0.000980574288405478,9.999999747378752e-05,,,,100.0
1131,-12.071221351623535,0.0,136.0,5.768833637237549,0.000877983751706779,9.999999747378752e-05,,,,100.0
1132,-12.067192077636719,0.0,136.0,5.680938243865967,0.0017087507294490933,9.999999747378752e-05,,,,100.0
1133,-12.057623863220215,0.0,136.0,5.685026168823242,0.0010011480189859867,9.999999747378752e-05,,,,100.0
1134,-12.04848861694336,0.0,136.0,5.770652770996094,0.0015826516319066286,9.999999747378752e-05,,,,100.0
1135,-12.045619010925293,0.0,136.0,5.698183536529541,0.0010622530244290829,9.999999747378752e-05,,,,100.0
1136,-12.039192199707031,0.0,136.0,5.773219585418701,0.0012143283383920789,9.999999747378752e-05,,,,100.0
1137,-12.025420188903809,0.0,136.0,5.79042387008667,0.0014945759903639555,9.999999747378752e-05,,,,100.0
1138,-12.01950740814209,0.0,136.0,5.735175609588623,0.0008827325073070824,9.999999747378752e-05,,,,100.0
1139,-12.00941276550293,0.0,136.0,5.708015441894531,0.0010294680250808597,9.999999747378752e-05,,,,100.0
1140,-12.002857208251953,0.0,136.0,5.818795204162598,0.0015772855840623379,9.999999747378752e-05,,,,100.0
1141,-11.99612045288086,0.0,136.0,5.763613224029541,0.0031976494938135147,9.999999747378752e-05,,,,100.0
1142,-11.993515014648438,0.0,136.0,5.747519016265869,0.0008466090075671673,9.999999747378752e-05,,,,100.0
1143,-11.995362281799316,0.0,136.0,5.759382724761963,0.0030930619686841965,9.999999747378752e-05,,,,100.0
1144,-11.988239288330078,0.0,136.0,5.745561122894287,0.0008873040787875652,9.999999747378752e-05,,,,100.0
1145,-11.975082397460938,0.0,136.0,5.7069411277771,0.000839262327644974,9.999999747378752e-05,,,,100.0
1146,-11.970085144042969,0.0,136.0,5.789111137390137,0.0010242272401228547,9.999999747378752e-05,,,,100.0
1147,-11.963424682617188,0.0,136.0,5.685117721557617,0.0015606298111379147,9.999999747378752e-05,,,,100.0
1148,-11.9611234664917,0.0,136.0,5.748664379119873,0.0021758617367595434,9.999999747378752e-05,,,,100.0
1149,-11.95630168914795,0.0,136.0,5.787990093231201,0.002029116963967681,9.999999747378752e-05,,,,100.0
1150,-11.94656753540039,0.0,136.0,5.750201225280762,0.0012598700122907758,9.999999747378752e-05,,,,100.0
1151,-11.93776798248291,0.0,136.0,5.787002086639404,0.0010117898928001523,9.999999747378752e-05,,,,100.0
1152,-11.92926025390625,0.0,136.0,5.730602264404297,0.0011040746467188,9.999999747378752e-05,,,,100.0
1153,-11.920526504516602,0.0,136.0,5.739983558654785,0.0020509453024715185,9.999999747378752e-05,,,,100.0
1154,-11.9139404296875,0.0,136.0,5.740103721618652,0.0016223547281697392,9.999999747378752e-05,,,,100.0
1155,-11.903407096862793,0.0,136.0,5.710795879364014,0.0007438769680447876,9.999999747378752e-05,,,,100.0
1156,-11.894807815551758,0.0,136.0,5.7416300773620605,0.0008095617522485554,9.999999747378752e-05,,,,100.0
1157,-11.886828422546387,0.0,136.0,5.677303314208984,0.000826491042971611,9.999999747378752e-05,,,,100.0
1158,-11.877623558044434,0.0,136.0,5.768491744995117,0.000986402970738709,9.999999747378752e-05,,,,100.0
1159,-11.863886833190918,0.0,136.0,5.759064674377441,0.0007182553526945412,9.999999747378752e-05,,,,100.0
1160,-11.849980354309082,0.0,136.0,5.70807409286499,0.0008081597043201327,9.999999747378752e-05,,,,100.0
1161,-11.839558601379395,0.0,136.0,5.737738609313965,0.0009700830560177565,9.999999747378752e-05,,,,100.0
1162,-11.831945419311523,0.0,136.0,5.767982006072998,0.001021393807604909,9.999999747378752e-05,,,,100.0
1163,-11.821737289428711,0.0,136.0,5.69343900680542,0.0012036501429975033,9.999999747378752e-05,,,,100.0
1164,-11.81412410736084,0.0,136.0,5.623154163360596,0.0012360919499769807,9.999999747378752e-05,,,,100.0
1165,-11.806098937988281,0.0,136.0,5.653882026672363,0.0017412069719284773,9.999999747378752e-05,,,,100.0
1166,-11.799473762512207,0.0,136.0,5.680400848388672,0.0009545774082653224,9.999999747378752e-05,,,,100.0
1167,-11.783358573913574,0.0,136.0,5.702951431274414,0.0009653824381530285,9.999999747378752e-05,,,,100.0
1168,-11.765908241271973,0.0,136.0,5.600342750549316,0.0012681890511885285,9.999999747378752e-05,,,,100.0
1169,-11.749673843383789,0.0,136.0,5.662694931030273,0.0026704042684286833,9.999999747378752e-05,,,,100.0
1170,-11.732867240905762,0.0,136.0,5.7413434982299805,0.0010289408965036273,9.999999747378752e-05,,,,100.0
1171,-11.7196683883667,0.0,136.0,5.720189094543457,0.001226973719894886,9.999999747378752e-05,,,,100.0
1172,-11.70307445526123,0.0,136.0,5.678291320800781,0.0008238910231739283,9.999999747378752e-05,,,,100.0
1173,-11.690688133239746,0.0,136.0,5.734268665313721,0.0019466279773041606,9.999999747378752e-05,,,,100.0
1174,-11.679352760314941,0.0,136.0,5.599787712097168,0.0006679645739495754,9.999999747378752e-05,,,,100.0
1175,-11.661615371704102,0.0,136.0,5.710411548614502,0.0014357772888615727,9.999999747378752e-05,,,,100.0
1176,-11.625129699707031,0.0,136.0,5.658744812011719,0.0009399721166118979,9.999999747378752e-05,,,,100.0
1177,-11.557330131530762,0.0,136.0,5.692239761352539,0.001205788110382855,9.999999747378752e-05,,,,100.0
1178,-11.46692180633545,0.0,136.0,5.6465301513671875,0.0011395059991627932,9.999999747378752e-05,,,,100.0
1179,-11.368913650512695,0.0,136.0,5.670022010803223,0.0011361234355717897,9.999999747378752e-05,,,,100.0
1180,-11.268410682678223,0.0,136.0,5.661849498748779,0.001450832700356841,9.999999747378752e-05,,,,100.0
1181,-11.148777961730957,0.0,136.0,5.618802070617676,0.0011722709750756621,9.999999747378752e-05,,,,100.0
1182,-11.04426097869873,0.0,136.0,5.685755252838135,0.0026522944681346416,9.999999747378752e-05,,,,100.0
1183,-10.868271827697754,0.0,136.0,5.650437355041504,0.001254940521903336,9.999999747378752e-05,,,,100.0
1184,-10.71235466003418,0.0,136.0,5.637764930725098,0.0020410066936165094,9.999999747378752e-05,,,,100.0
1185,-10.57790470123291,0.0,136.0,5.637092590332031,0.0019267529714852571,9.999999747378752e-05,,,,100.0
1186,-10.438055038452148,0.0,136.0,5.646450042724609,0.0028510030824691057,9.999999747378752e-05,,,,100.0
1187,-10.304644584655762,0.0,136.0,5.553915500640869,0.0013335723197087646,9.999999747378752e-05,,,,100.0
1188,-10.186179161071777,0.0,136.0,5.657175064086914,0.0008798984927125275,9.999999747378752e-05,,,,100.0
1189,-10.068229675292969,0.0,136.0,5.601924419403076,0.0011519371764734387,9.999999747378752e-05,,,,100.0
1190,-9.961297988891602,0.0,136.0,5.558318138122559,0.004694960080087185,9.999999747378752e-05,,,,100.0
1191,-9.854283332824707,0.0,136.0,5.612469673156738,0.001114917453378439,9.999999747378752e-05,,,,100.0
1192,-9.785581588745117,0.0,136.0,5.539146423339844,0.0014515173388645053,9.999999747378752e-05,,,,100.0
1193,-9.707219123840332,0.0,136.0,5.478190898895264,0.0014405637048184872,9.999999747378752e-05,,,,100.0
1194,-9.668621063232422,0.0,136.0,5.543150901794434,0.0015578402671962976,9.999999747378752e-05,,,,100.0
1195,-9.631878852844238,0.0,136.0,5.541431903839111,0.0014532513450831175,9.999999747378752e-05,,,,100.0
1196,-9.573089599609375,0.0,136.0,5.45069694519043,0.0018280036747455597,9.999999747378752e-05,,,,100.0
1197,-9.520462036132812,0.0,136.0,5.449897289276123,0.001832959707826376,9.999999747378752e-05,,,,100.0
1198,-9.443239212036133,0.0,136.0,5.40617036819458,0.001196555094793439,9.999999747378752e-05,,,,100.0
1199,-9.343329429626465,0.0,136.0,5.334584712982178,0.0018525858176872134,9.999999747378752e-05,,,,100.0
1200,-9.274800300598145,0.0,136.0,5.4279866218566895,0.002770893508568406,9.999999747378752e-05,,,,100.0
1201,-9.224465370178223,0.0,136.0,5.443784713745117,0.0017439014045521617,9.999999747378752e-05,,,,100.0
1202,-9.219164848327637,0.0,136.0,5.42827844619751,0.0011767109390348196,9.999999747378752e-05,,,,100.0
1203,-9.237982749938965,0.0,136.0,5.350549221038818,0.0014032833278179169,9.999999747378752e-05,,,,100.0
1204,-9.250524520874023,0.0,136.0,5.320369720458984,0.0012740552192553878,9.999999747378752e-05,,,,100.0
1205,-9.260047912597656,0.0,136.0,5.33504056930542,0.0015828355681151152,9.999999747378752e-05,,,,100.0
1206,-9.261088371276855,0.0,136.0,5.3945536613464355,0.0013496925821527839,9.999999747378752e-05,,,,100.0
1207,-9.25588321685791,0.0,136.0,5.310951232910156,0.001327515346929431,9.999999747378752e-05,,,,100.0
1208,-9.307706832885742,0.0,136.0,5.290480613708496,0.001745686400681734,9.999999747378752e-05,,,,100.0
1209,-9.364166259765625,0.0,136.0,5.2352519035339355,0.0020775683224201202,9.999999747378752e-05,,,,100.0
1210,-9.385290145874023,0.0,136.0,5.230869770050049,0.0018240606877952814,9.999999747378752e-05,,,,100.0
1211,-9.417269706726074,0.0,136.0,5.225125312805176,0.0013815464917570353,9.999999747378752e-05,,,,100.0
1212,-9.432974815368652,0.0,136.0,5.27584171295166,0.0017569458577781916,9.999999747378752e-05,,,,100.0
1213,-9.449810981750488,0.0,136.0,5.206626892089844,0.0013655729126185179,9.999999747378752e-05,,,,100.0
1214,-9.449189186096191,0.0,136.0,5.226109027862549,0.0015249677235260606,9.999999747378752e-05,,,,100.0
1215,-9.422901153564453,0.0,136.0,5.161190986633301,0.0011417417554184794,9.999999747378752e-05,,,,100.0
1216,-9.395441055297852,0.0,136.0,5.258006572723389,0.0015250026481226087,9.999999747378752e-05,,,,100.0
1217,-9.338536262512207,0.0,136.0,5.192889213562012,0.00209081475622952,9.999999747378752e-05,,,,100.0
1218,-9.290434837341309,0.0,136.0,5.136199474334717,0.0017744883662089705,9.999999747378752e-05,,,,100.0
1219,-9.197105407714844,0.0,136.0,5.18504524230957,0.0019269089680165052,9.999999747378752e-05,,,,100.0
1220,-9.088963508605957,0.0,136.0,5.088631629943848,0.001710107084363699,9.999999747378752e-05,,,,100.0
1221,-8.989798545837402,0.0,136.0,5.111207962036133,0.001210564631037414,9.999999747378752e-05,,,,100.0
1222,-8.876764297485352,0.0,136.0,5.140675067901611,0.0013058986514806747,9.999999747378752e-05,,,,100.0
1223,-8.815469741821289,0.0,136.0,5.089868068695068,0.0012998069869354367,9.999999747378752e-05,,,,100.0
1224,-8.775557518005371,0.0,136.0,5.150024890899658,0.001700421329587698,9.999999747378752e-05,,,,100.0
1225,-8.701783180236816,0.0,136.0,5.065284729003906,0.001750731491483748,9.999999747378752e-05,,,,100.0
1226,-8.618470191955566,0.0,136.0,5.068681716918945,0.001852361485362053,9.999999747378752e-05,,,,100.0
1227,-8.519185066223145,0.0,136.0,5.036021709442139,0.0018360193353146315,9.999999747378752e-05,,,,100.0
1228,-8.423543930053711,0.0,136.0,5.095377445220947,0.001558374846354127,9.999999747378752e-05,,,,100.0
1229,-8.332233428955078,0.0,136.0,5.00885009765625,0.0014885780401527882,9.999999747378752e-05,,,,100.0
1230,-8.241183280944824,0.0,136.0,4.988135814666748,0.0013746400363743305,9.999999747378752e-05,,,,100.0
1231,-8.17006778717041,0.0,136.0,5.003490447998047,0.0013409885577857494,9.999999747378752e-05,,,,100.0
1232,-8.110552787780762,0.0,136.0,4.974661827087402,0.001548283384181559,9.999999747378752e-05,,,,100.0
1233,-8.06787395477295,0.0,136.0,4.965296268463135,0.002034975215792656,9.999999747378752e-05,,,,100.0
1234,-7.9846367835998535,0.0,136.0,4.925421714782715,0.0016221697442233562,9.999999747378752e-05,,,,100.0
1235,-7.920248985290527,0.0,136.0,4.943396091461182,0.0014056009240448475,9.999999747378752e-05,,,,100.0
1236,-7.861433506011963,0.0,136.0,4.958955764770508,0.0014527569292113185,9.999999747378752e-05,,,,100.0
1237,-7.805211067199707,0.0,136.0,4.974936485290527,0.0020399868953973055,9.999999747378752e-05,,,,100.0
1238,-7.712741851806641,0.0,136.0,4.889011383056641,0.0025389320217072964,9.999999747378752e-05,,,,100.0
1239,-7.632386207580566,0.0,136.0,4.982992172241211,0.003445535898208618,9.999999747378752e-05,,,,100.0
1240,-7.56598424911499,0.0,136.0,4.8858537673950195,0.0014248717343434691,9.999999747378752e-05,,,,100.0
1241,-7.519950866699219,0.0,136.0,4.859350681304932,0.001729096518829465,9.999999747378752e-05,,,,100.0
1242,-7.44757604598999,0.0,136.0,4.87911319732666,0.0024063833989202976,9.999999747378752e-05,,,,100.0
1243,-7.374730110168457,0.0,136.0,4.879464149475098,0.0016565447440370917,9.999999747378752e-05,,,,100.0
1244,-7.308314323425293,0.0,136.0,4.805692672729492,0.0030631343834102154,9.999999747378752e-05,,,,100.0
1245,-7.281433582305908,0.0,136.0,4.821818828582764,0.0019775263499468565,9.999999747378752e-05,,,,100.0
1246,-7.247934818267822,0.0,136.0,4.851902484893799,0.0016250513726845384,9.999999747378752e-05,,,,100.0
1247,-7.244447231292725,0.0,136.0,4.822975158691406,0.0017585973255336285,9.999999747378752e-05,,,,100.0
1248,-7.224390029907227,0.0,136.0,4.775675296783447,0.001734733348712325,9.999999747378752e-05,,,,100.0
1249,-7.186538219451904,0.0,136.0,4.793056011199951,0.0018043030286207795,9.999999747378752e-05,,,,100.0
1250,-7.157478332519531,0.0,136.0,4.793741703033447,0.0015410735504701734,9.999999747378752e-05,,,,100.0
1251,-7.1245622634887695,0.0,136.0,4.781184673309326,0.00285388738848269,9.999999747378752e-05,,,,100.0
1252,-7.105818748474121,0.0,136.0,4.746241092681885,0.0014594949316233397,9.999999747378752e-05,,,,100.0
1253,-7.083400249481201,0.0,136.0,4.724503040313721,0.0013542548986151814,9.999999747378752e-05,,,,100.0
1254,-7.066103458404541,0.0,136.0,4.734738349914551,0.0014361555222421885,9.999999747378752e-05,,,,100.0
1255,-7.055869102478027,0.0,136.0,4.7178144454956055,0.001725010690279305,9.999999747378752e-05,,,,100.0
1256,-7.054432392120361,0.0,136.0,4.719741344451904,0.002540620043873787,9.999999747378752e-05,,,,100.0
1257,-7.0263800621032715,0.0,136.0,4.665834426879883,0.0018922729650512338,9.999999747378752e-05,,,,100.0
1258,-6.997146129608154,0.0,136.0,4.7153472900390625,0.0026169992052018642,9.999999747378752e-05,,,,100.0
1259,-6.972797393798828,0.0,136.0,4.66795539855957,0.0017095247749239206,9.999999747378752e-05,,,,100.0
1260,-6.935625076293945,0.0,136.0,4.615540504455566,0.001609160448424518,9.999999747378752e-05,,,,100.0
1261,-6.899932861328125,0.0,136.0,4.635742664337158,0.001308246748521924,9.999999747378752e-05,,,,100.0
1262,-6.861252307891846,0.0,136.0,4.618900299072266,0.0032482014503329992,9.999999747378752e-05,,,,100.0
1263,-6.853000640869141,0.0,136.0,4.641888618469238,0.0017520920373499393,9.999999747378752e-05,,,,100.0
1264,-6.82071590423584,0.0,136.0,4.573570251464844,0.002131873043254018,9.999999747378752e-05,,,,100.0
1265,-6.793805122375488,0.0,136.0,4.574814796447754,0.0013792982790619135,9.999999747378752e-05,,,,100.0
1266,-6.751241683959961,0.0,136.0,4.561044692993164,0.0021098346915096045,9.999999747378752e-05,,,,100.0
1267,-6.734927654266357,0.0,136.0,4.6026997566223145,0.001522896229289472,9.999999747378752e-05,,,,100.0
1268,-6.718597412109375,0.0,136.0,4.5404229164123535,0.0016150473384186625,9.999999747378752e-05,,,,100.0
1269,-6.712105751037598,0.0,136.0,4.487256050109863,0.0023285136558115482,9.999999747378752e-05,,,,100.0
1270,-6.6850666999816895,0.0,136.0,4.512406826019287,0.0017258143052458763,9.999999747378752e-05,,,,100.0
1271,-6.661989688873291,0.0,136.0,4.517705917358398,0.001732326578348875,9.999999747378752e-05,,,,100.0
1272,-6.602810382843018,0.009999999776482582,136.0,4.488254547119141,0.0017622149316594005,9.999999747378752e-05,,,,100.0
1273,-6.523833274841309,0.009999999776482582,136.0,4.416720390319824,0.0012552660191431642,9.999999747378752e-05,,,,100.0
1274,-6.485551834106445,0.009999999776482582,136.0,4.466032028198242,0.0026436077896505594,9.999999747378752e-05,,,,100.0
1275,-6.435835838317871,0.009999999776482582,136.0,4.48439884185791,0.002132075373083353,9.999999747378752e-05,,,,100.0
1276,-6.3891448974609375,0.009999999776482582,136.0,4.479249000549316,0.0015987339429557323,9.999999747378752e-05,,,,100.0
1277,-6.328433990478516,0.009999999776482582,136.0,4.424354553222656,0.0020262727048248053,9.999999747378752e-05,,,,100.0
1278,-6.271326065063477,0.009999999776482582,136.0,4.452463150024414,0.002772317733615637,9.999999747378752e-05,,,,100.0
1279,-6.219344139099121,0.009999999776482582,136.0,4.455906867980957,0.001857146853581071,9.999999747378752e-05,,,,100.0
1280,-6.167895793914795,0.009999999776482582,136.0,4.478947162628174,0.0029549277387559414,9.999999747378752e-05,,,,100.0
1281,-6.10912561416626,0.009999999776482582,136.0,4.424735069274902,0.002246613148599863,9.999999747378752e-05,,,,100.0
1282,-6.072833061218262,0.009999999776482582,136.0,4.398446559906006,0.0015731233870610595,9.999999747378752e-05,,,,100.0
1283,-6.034835338592529,0.029999999329447746,136.0,4.3458027839660645,0.001969589153304696,9.999999747378752e-05,,,,100.0
1284,-6.011340618133545,0.029999999329447746,136.0,4.398311614990234,0.0017573212971910834,9.999999747378752e-05,,,,100.0
1285,-5.990043640136719,0.03999999910593033,136.0,4.329155921936035,0.0015869166236370802,9.999999747378752e-05,,,,100.0
1286,-5.951941013336182,0.05000000074505806,136.0,4.316427230834961,0.0074653634801507,9.999999747378752e-05,,,,100.0
1287,-5.91665506362915,0.05000000074505806,136.0,4.2650041580200195,0.0015139034949243069,9.999999747378752e-05,,,,100.0
1288,-5.866227626800537,0.05999999865889549,136.0,4.278097152709961,0.0016734704840928316,9.999999747378752e-05,,,,100.0
1289,-5.84751558303833,0.09000000357627869,136.0,4.277507781982422,0.0017653410322964191,9.999999747378752e-05,,,,100.0
1290,-5.833902359008789,0.09000000357627869,136.0,4.280608654022217,0.005983174778521061,9.999999747378752e-05,,,,100.0
1291,-5.822089195251465,0.10000000149011612,136.0,4.274907112121582,0.0015988597879186273,9.999999747378752e-05,,,,100.0
1292,-5.80325174331665,0.12999999523162842,136.0,4.278358459472656,0.0019867157097905874,9.999999747378752e-05,,,,100.0
1293,-5.768334865570068,0.15000000596046448,136.0,4.212131023406982,0.0015680855140089989,9.999999747378752e-05,,,,100.0
1294,-5.716179370880127,0.1599999964237213,136.0,4.142831802368164,0.0019596691709011793,9.999999747378752e-05,,,,100.0
1295,-5.656771659851074,0.17000000178813934,136.0,4.20296049118042,0.0057874927297234535,9.999999747378752e-05,,,,100.0
1296,-5.6225457191467285,0.20000000298023224,136.0,4.160488128662109,0.004025980364531279,9.999999747378752e-05,,,,100.0
1297,-5.612003803253174,0.1899999976158142,136.0,4.157545566558838,0.0017702867044135928,9.999999747378752e-05,,,,100.0
1298,-5.604572296142578,0.1899999976158142,136.0,4.088295936584473,0.001748927985318005,9.999999747378752e-05,,,,100.0
1299,-5.578799247741699,0.1899999976158142,136.0,4.115387439727783,0.0017205883050337434,9.999999747378752e-05,,,,100.0
1300,-5.557926177978516,0.20000000298023224,136.0,4.06483268737793,0.0019559706561267376,9.999999747378752e-05,,,,100.0
1301,-5.5439653396606445,0.2199999988079071,136.0,4.087460517883301,0.001580360229127109,9.999999747378752e-05,,,,100.0
1302,-5.536810874938965,0.2199999988079071,136.0,4.034210681915283,0.0017085305880755186,9.999999747378752e-05,,,,100.0
1303,-5.517673492431641,0.2199999988079071,136.0,4.0815653800964355,0.004292254336178303,9.999999747378752e-05,,,,100.0
1304,-5.481173992156982,0.23999999463558197,136.0,3.9899415969848633,0.0018555802525952458,9.999999747378752e-05,,,,100.0
1305,-5.457734107971191,0.27000001072883606,136.0,3.9968063831329346,0.0035173932556062937,9.999999747378752e-05,,,,100.0
1306,-5.419580459594727,0.2800000011920929,136.0,3.9769341945648193,0.0021974092815071344,9.999999747378752e-05,,,,100.0
1307,-5.364609718322754,0.30000001192092896,136.0,3.972994327545166,0.0022851647809147835,9.999999747378752e-05,,,,100.0
1308,-5.314359664916992,0.28999999165534973,136.0,3.960005283355713,0.0021423178259283304,9.999999747378752e-05,,,,100.0
1309,-5.271004676818848,0.30000001192092896,136.0,3.9644086360931396,0.010253258980810642,9.999999747378752e-05,,,,100.0
1310,-5.237337112426758,0.3100000023841858,136.0,3.9250402450561523,0.0017074388451874256,9.999999747378752e-05,,,,100.0
1311,-5.1971354484558105,0.3199999928474426,136.0,3.9188334941864014,0.001657970598898828,9.999999747378752e-05,,,,100.0
1312,-5.1653361320495605,0.3400000035762787,136.0,3.8625714778900146,0.0017201256705448031,9.999999747378752e-05,,,,100.0
1313,-5.138419151306152,0.3499999940395355,136.0,3.9057211875915527,0.0017397099873051047,9.999999747378752e-05,,,,100.0
1314,-5.113348484039307,0.3400000035762787,136.0,3.8874683380126953,0.003248916007578373,9.999999747378752e-05,,,,100.0
1315,-5.08523416519165,0.3400000035762787,136.0,3.849804162979126,0.0017491686157882214,9.999999747378752e-05,,,,100.0
1316,-5.043319225311279,0.3700000047683716,136.0,3.847593307495117,0.0020065484568476677,9.999999747378752e-05,,,,100.0
1317,-5.0129547119140625,0.36000001430511475,136.0,3.804051160812378,0.002103916136547923,9.999999747378752e-05,,,,100.0
1318,-4.989933013916016,0.3799999952316284,136.0,3.79512619972229,0.0018499881261959672,9.999999747378752e-05,,,,100.0
1319,-4.975996971130371,0.4000000059604645,136.0,3.708699941635132,0.0018317286157980561,9.999999747378752e-05,,,,100.0
1320,-4.9604291915893555,0.4000000059604645,136.0,3.8339076042175293,0.008687173947691917,9.999999747378752e-05,,,,100.0
1321,-4.944438934326172,0.3799999952316284,136.0,3.698927402496338,0.0022098934277892113,9.999999747378752e-05,,,,100.0
1322,-4.9215545654296875,0.4099999964237213,136.0,3.794480085372925,0.002190544968470931,9.999999747378752e-05,,,,100.0
1323,-4.905679702758789,0.4300000071525574,136.0,3.7070999145507812,0.0019332680385559797,9.999999747378752e-05,,,,100.0
1324,-4.8795647621154785,0.46000000834465027,136.0,3.7046725749969482,0.0018279417417943478,9.999999747378752e-05,,,,100.0
1325,-4.862555027008057,0.47999998927116394,136.0,3.6651930809020996,0.0025414524134248495,9.999999747378752e-05,,,,100.0
1326,-4.8377556800842285,0.4699999988079071,136.0,3.637894630432129,0.00184958940371871,9.999999747378752e-05,,,,100.0
1327,-4.797440528869629,0.49000000953674316,136.0,3.575578451156616,0.0029274921398609877,9.999999747378752e-05,,,,100.0
1328,-4.76754903793335,0.5299999713897705,136.0,3.615129232406616,0.0017458080546930432,9.999999747378752e-05,,,,100.0
1329,-4.768475532531738,0.5299999713897705,136.0,3.6058547496795654,0.00266281352378428,9.999999747378752e-05,,,,100.0
1330,-4.742364883422852,0.5299999713897705,136.0,3.5877668857574463,0.0020469659939408302,9.999999747378752e-05,,,,100.0
1331,-4.750638961791992,0.550000011920929,136.0,3.579098701477051,0.0018601538613438606,9.999999747378752e-05,,,,100.0
1332,-4.745304107666016,0.5699999928474426,136.0,3.5837295055389404,0.0023688231594860554,9.999999747378752e-05,,,,100.0
1333,-4.73395299911499,0.5899999737739563,136.0,3.6360085010528564,0.0024813073687255383,9.999999747378752e-05,,,,100.0
1334,-4.7137980461120605,0.6000000238418579,136.0,3.554459571838379,0.0030167479999363422,9.999999747378752e-05,,,,100.0
1335,-4.699409484863281,0.6200000047683716,136.0,3.51847505569458,0.0018575770081952214,9.999999747378752e-05,,,,100.0
1336,-4.690993785858154,0.6200000047683716,136.0,3.520259141921997,0.003475769190117717,9.999999747378752e-05,,,,100.0
1337,-4.682915687561035,0.6299999952316284,136.0,3.5552620887756348,0.002906045876443386,9.999999747378752e-05,,,,100.0
1338,-4.6776957511901855,0.6399999856948853,136.0,3.534396171569824,0.0018722164677456021,9.999999747378752e-05,,,,100.0
1339,-4.662847995758057,0.6600000262260437,136.0,3.496204376220703,0.003310061991214752,9.999999747378752e-05,,,,100.0
1340,-4.647000312805176,0.6700000166893005,136.0,3.4859750270843506,0.0018168457318097353,9.999999747378752e-05,,,,100.0
1341,-4.644838333129883,0.6499999761581421,136.0,3.4661474227905273,0.0025519090704619884,9.999999747378752e-05,,,,100.0
1342,-4.626070022583008,0.6600000262260437,136.0,3.403770685195923,0.0023929537273943424,9.999999747378752e-05,,,,100.0
1343,-4.612933158874512,0.6399999856948853,136.0,3.4387054443359375,0.002101614372804761,9.999999747378752e-05,,,,100.0
1344,-4.598501682281494,0.6299999952316284,136.0,3.4629721641540527,0.0023908340372145176,9.999999747378752e-05,,,,100.0
1345,-4.58889627456665,0.6399999856948853,136.0,3.4046764373779297,0.002588457427918911,9.999999747378752e-05,,,,100.0
1346,-4.562334060668945,0.6399999856948853,136.0,3.388497829437256,0.0017379375640302896,9.999999747378752e-05,,,,100.0
1347,-4.538058757781982,0.6399999856948853,136.0,3.3669917583465576,0.0028819383587688208,9.999999747378752e-05,,,,100.0
1348,-4.513906478881836,0.6399999856948853,136.0,3.3467955589294434,0.003371438244357705,9.999999747378752e-05,,,,100.0
1349,-4.4905171394348145,0.6100000143051147,136.0,3.334420919418335,0.002139060525223613,9.999999747378752e-05,,,,100.0
1350,-4.464881896972656,0.6000000238418579,136.0,3.3182880878448486,0.0017928625456988811,9.999999747378752e-05,,,,100.0
1351,-4.463981628417969,0.6200000047683716,136.0,3.3297231197357178,0.003855247050523758,9.999999747378752e-05,,,,100.0
1352,-4.461143970489502,0.6200000047683716,136.0,3.2674787044525146,0.004105662927031517,9.999999747378752e-05,,,,100.0
1353,-4.454140663146973,0.6000000238418579,136.0,3.2537589073181152,0.0026008032727986574,9.999999747378752e-05,,,,100.0
1354,-4.433758735656738,0.5799999833106995,136.0,3.3096981048583984,0.0017378596821799874,9.999999747378752e-05,,,,100.0
1355,-4.4372358322143555,0.5699999928474426,136.0,3.2733123302459717,0.001525695901364088,9.999999747378752e-05,,,,100.0
1356,-4.441280841827393,0.550000011920929,136.0,3.240569591522217,0.0021767488215118647,9.999999747378752e-05,,,,100.0
1357,-4.443123817443848,0.5299999713897705,136.0,3.2230472564697266,0.001741310814395547,9.999999747378752e-05,,,,100.0
1358,-4.431834697723389,0.5,136.0,3.2358617782592773,0.001651320024393499,9.999999747378752e-05,,,,100.0
1359,-4.42460823059082,0.5099999904632568,136.0,3.2182834148406982,0.0020462481770664454,9.999999747378752e-05,,,,100.0
1360,-4.4043426513671875,0.5,136.0,3.192131996154785,0.001767667243257165,9.999999747378752e-05,,,,100.0
1361,-4.399116516113281,0.49000000953674316,136.0,3.210735559463501,0.0019013864221051335,9.999999747378752e-05,,,,100.0
1362,-4.393181324005127,0.49000000953674316,136.0,3.1202850341796875,0.0019963334780186415,9.999999747378752e-05,,,,100.0
1363,-4.371213912963867,0.49000000953674316,136.0,3.1172266006469727,0.005721558351069689,9.999999747378752e-05,,,,100.0
1364,-4.359442710876465,0.4699999988079071,136.0,3.1490590572357178,0.00318137533031404,9.999999747378752e-05,,,,100.0
1365,-4.354100704193115,0.47999998927116394,136.0,3.142531394958496,0.0017410173313692212,9.999999747378752e-05,,,,100.0
1366,-4.3412933349609375,0.49000000953674316,136.0,3.111650228500366,0.0020438276696950197,9.999999747378752e-05,,,,100.0
1367,-4.324700355529785,0.4699999988079071,136.0,3.1448471546173096,0.0015334568452090025,9.999999747378752e-05,,,,100.0
1368,-4.317322731018066,0.4699999988079071,136.0,3.0770227909088135,0.0023293434642255306,9.999999747378752e-05,,,,100.0
1369,-4.30039644241333,0.4699999988079071,136.0,3.0927531719207764,0.0017598498379811645,9.999999747378752e-05,,,,100.0
1370,-4.286664962768555,0.4699999988079071,136.0,3.1115384101867676,0.0018017151160165668,9.999999747378752e-05,,,,100.0
1371,-4.291263103485107,0.49000000953674316,136.0,3.0730948448181152,0.0018799991812556982,9.999999747378752e-05,,,,100.0
1372,-4.2850775718688965,0.47999998927116394,136.0,3.0626745223999023,0.0018231779104098678,9.999999747378752e-05,,,,100.0
1373,-4.282900333404541,0.47999998927116394,136.0,3.0278961658477783,0.0024439918342977762,9.999999747378752e-05,,,,100.0
1374,-4.2936177253723145,0.49000000953674316,136.0,3.0190651416778564,0.0023782590869814157,9.999999747378752e-05,,,,100.0
1375,-4.285584449768066,0.5,136.0,3.028308153152466,0.0019416532013565302,9.999999747378752e-05,,,,100.0
1376,-4.275238037109375,0.49000000953674316,136.0,3.024958372116089,0.0017269786912947893,9.999999747378752e-05,,,,100.0
1377,-4.270418167114258,0.5099999904632568,136.0,3.0317916870117188,0.0018107392825186253,9.999999747378752e-05,,,,100.0
1378,-4.262142658233643,0.5099999904632568,136.0,2.9725723266601562,0.0016407673247158527,9.999999747378752e-05,,,,100.0
1379,-4.254033088684082,0.5299999713897705,136.0,2.969776153564453,0.0024042807053774595,9.999999747378752e-05,,,,100.0
1380,-4.239063739776611,0.5299999713897705,136.0,2.9811112880706787,0.002967950887978077,9.999999747378752e-05,,,,100.0
1381,-4.203229904174805,0.5299999713897705,136.0,2.938887119293213,0.002705211751163006,9.999999747378752e-05,,,,100.0
1382,-4.183732986450195,0.5400000214576721,136.0,2.965038537979126,0.004236738197505474,9.999999747378752e-05,,,,100.0
1383,-4.184372901916504,0.5600000023841858,136.0,2.9499452114105225,0.0020691361278295517,9.999999747378752e-05,,,,100.0
1384,-4.186985015869141,0.5600000023841858,136.0,2.9405312538146973,0.0017859961371868849,9.999999747378752e-05,,,,100.0
1385,-4.1883063316345215,0.550000011920929,136.0,2.9252288341522217,0.0016992153832688928,9.999999747378752e-05,,,,100.0
1386,-4.188111305236816,0.5699999928474426,136.0,2.91127347946167,0.002404827391728759,9.999999747378752e-05,,,,100.0
1387,-4.192139625549316,0.550000011920929,136.0,2.9196791648864746,0.0018330056918784976,9.999999747378752e-05,,,,100.0
1388,-4.189886093139648,0.5299999713897705,136.0,2.8835437297821045,0.0018859683768823743,9.999999747378752e-05,,,,100.0
1389,-4.1883721351623535,0.5299999713897705,136.0,2.855877161026001,0.002111386740580201,9.999999747378752e-05,,,,100.0
1390,-4.1636738777160645,0.5400000214576721,136.0,2.890498399734497,0.0021318106446415186,9.999999747378752e-05,,,,100.0
1391,-4.145577430725098,0.5299999713897705,136.0,2.919302463531494,0.0077589647844433784,9.999999747378752e-05,,,,100.0
1392,-4.146295070648193,0.5299999713897705,136.0,2.8457963466644287,0.0023397605400532484,9.999999747378752e-05,,,,100.0
1393,-4.154196739196777,0.5400000214576721,136.0,2.864731550216675,0.004477299749851227,9.999999747378752e-05,,,,100.0
1394,-4.1715989112854,0.5400000214576721,136.0,2.8604280948638916,0.002844453789293766,9.999999747378752e-05,,,,100.0
1395,-4.180497646331787,0.550000011920929,136.0,2.8270881175994873,0.0018244090024381876,9.999999747378752e-05,,,,100.0
1396,-4.162282466888428,0.5400000214576721,136.0,2.8228414058685303,0.0018006472382694483,9.999999747378752e-05,,,,100.0
1397,-4.1582112312316895,0.5199999809265137,136.0,2.7842328548431396,0.001821422833018005,9.999999747378752e-05,,,,100.0
1398,-4.14047384262085,0.5400000214576721,136.0,2.8150086402893066,0.002464979188516736,9.999999747378752e-05,,,,100.0
1399,-4.1078596115112305,0.550000011920929,136.0,2.78942608833313,0.002056722529232502,9.999999747378752e-05,,,,100.0
1400,-4.089660167694092,0.5199999809265137,136.0,2.8341238498687744,0.004214198794215918,9.999999747378752e-05,,,,100.0
1401,-4.06325101852417,0.5299999713897705,136.0,2.787297010421753,0.003823596751317382,9.999999747378752e-05,,,,100.0
1402,-4.056595325469971,0.5199999809265137,136.0,2.757354974746704,0.00274497433565557,9.999999747378752e-05,,,,100.0
1403,-4.0456862449646,0.5299999713897705,136.0,2.7499020099639893,0.0016612677136436105,9.999999747378752e-05,,,,100.0
1404,-4.037117004394531,0.5299999713897705,136.0,2.7304277420043945,0.0018359000096097589,9.999999747378752e-05,,,,100.0
1405,-4.02458381652832,0.5299999713897705,136.0,2.7548863887786865,0.002809571335092187,9.999999747378752e-05,,,,100.0
1406,-4.01958703994751,0.550000011920929,136.0,2.7360341548919678,0.0019179295049980283,9.999999747378752e-05,,,,100.0
1407,-4.0192742347717285,0.5400000214576721,136.0,2.689389228820801,0.002147129736840725,9.999999747378752e-05,,,,100.0
1408,-4.018937110900879,0.5299999713897705,136.0,2.6722075939178467,0.0015425877645611763,9.999999747378752e-05,,,,100.0
1409,-4.00178337097168,0.5199999809265137,136.0,2.6429474353790283,0.0017102689016610384,9.999999747378752e-05,,,,100.0
1410,-3.9944164752960205,0.5299999713897705,136.0,2.607611656188965,0.0024182298220694065,9.999999747378752e-05,,,,100.0
1411,-3.9939944744110107,0.5299999713897705,136.0,2.6258037090301514,0.002040178282186389,9.999999747378752e-05,,,,100.0
1412,-3.9762027263641357,0.5600000023841858,136.0,2.6339027881622314,0.0019791757222265005,9.999999747378752e-05,,,,100.0
1413,-3.976571559906006,0.5699999928474426,136.0,2.615983247756958,0.0015897824196144938,9.999999747378752e-05,,,,100.0
1414,-3.9676218032836914,0.5799999833106995,136.0,2.592775583267212,0.0018433515215292573,9.999999747378752e-05,,,,100.0
1415,-3.9567785263061523,0.5799999833106995,136.0,2.5956501960754395,0.002135629067197442,9.999999747378752e-05,,,,100.0
1416,-3.936840772628784,0.5799999833106995,136.0,2.6124682426452637,0.00252128136344254,9.999999747378752e-05,,,,100.0
1417,-3.9188241958618164,0.5899999737739563,136.0,2.5549628734588623,0.001926505472511053,9.999999747378752e-05,,,,100.0
1418,-3.8957502841949463,0.5799999833106995,136.0,2.5461394786834717,0.002352486364543438,9.999999747378752e-05,,,,100.0
1419,-3.873839855194092,0.5799999833106995,136.0,2.549417018890381,0.0015898693818598986,9.999999747378752e-05,,,,100.0
1420,-3.8538401126861572,0.5799999833106995,136.0,2.5741653442382812,0.002363145351409912,9.999999747378752e-05,,,,100.0
1421,-3.8359663486480713,0.6000000238418579,136.0,2.573359489440918,0.0016124042449519038,9.999999747378752e-05,,,,100.0
1422,-3.8139493465423584,0.6200000047683716,136.0,2.568150281906128,0.0019501493079587817,9.999999747378752e-05,,,,100.0
1423,-3.793915033340454,0.6100000143051147,136.0,2.5581376552581787,0.003094098763540387,9.999999747378752e-05,,,,100.0
1424,-3.7906363010406494,0.6000000238418579,136.0,2.5679571628570557,0.0018238879274576902,9.999999747378752e-05,,,,100.0
1425,-3.8005101680755615,0.6299999952316284,136.0,2.508073091506958,0.00256126350723207,9.999999747378752e-05,,,,100.0
1426,-3.8075366020202637,0.6299999952316284,136.0,2.5125484466552734,0.002602281281724572,9.999999747378752e-05,,,,100.0
1427,-3.8106260299682617,0.6200000047683716,136.0,2.5098984241485596,0.003799144411459565,9.999999747378752e-05,,,,100.0
1428,-3.810800790786743,0.6299999952316284,136.0,2.5458781719207764,0.0016115825856104493,9.999999747378752e-05,,,,100.0
1429,-3.812042474746704,0.6299999952316284,136.0,2.51218581199646,0.0015668170526623726,9.999999747378752e-05,,,,100.0
1430,-3.8137238025665283,0.6399999856948853,136.0,2.505436420440674,0.002290568081662059,9.999999747378752e-05,,,,100.0
1431,-3.8133788108825684,0.6499999761581421,136.0,2.5144240856170654,0.0015580564504489303,9.999999747378752e-05,,,,100.0
1432,-3.8086647987365723,0.6700000166893005,136.0,2.4372832775115967,0.001866550068370998,9.999999747378752e-05,,,,100.0
1433,-3.8001809120178223,0.699999988079071,136.0,2.4793894290924072,0.0022058116737753153,9.999999747378752e-05,,,,100.0
1434,-3.786695957183838,0.7200000286102295,136.0,2.4477922916412354,0.0020722616463899612,9.999999747378752e-05,,,,100.0
1435,-3.763218879699707,0.7099999785423279,136.0,2.4739012718200684,0.0015185177326202393,9.999999747378752e-05,,,,100.0
1436,-3.7332496643066406,0.7099999785423279,136.0,2.4160330295562744,0.0028843742329627275,9.999999747378752e-05,,,,100.0
1437,-3.7185237407684326,0.7099999785423279,136.0,2.405090570449829,0.00380697357468307,9.999999747378752e-05,,,,100.0
1438,-3.6994028091430664,0.7200000286102295,136.0,2.448390483856201,0.002310034818947315,9.999999747378752e-05,,,,100.0
1439,-3.684166193008423,0.7099999785423279,136.0,2.447889566421509,0.00223703496158123,9.999999747378752e-05,,,,100.0
1440,-3.6743221282958984,0.699999988079071,136.0,2.3972747325897217,0.001682061585597694,9.999999747378752e-05,,,,100.0
1441,-3.669919490814209,0.699999988079071,136.0,2.3848488330841064,0.0022053648717701435,9.999999747378752e-05,,,,100.0
1442,-3.6633646488189697,0.7099999785423279,136.0,2.424877882003784,0.0013055233284831047,9.999999747378752e-05,,,,100.0
1443,-3.6472737789154053,0.7300000190734863,136.0,2.3463008403778076,0.0020768679678440094,9.999999747378752e-05,,,,100.0
1444,-3.630316734313965,0.7400000095367432,136.0,2.4062752723693848,0.0029469598084688187,9.999999747378752e-05,,,,100.0
1445,-3.6122071743011475,0.75,136.0,2.368382692337036,0.001914294552989304,9.999999747378752e-05,,,,100.0
1446,-3.6121840476989746,0.7400000095367432,136.0,2.3760526180267334,0.002597865415737033,9.999999747378752e-05,,,,100.0
1447,-3.606372594833374,0.7599999904632568,136.0,2.3641836643218994,0.002169799990952015,9.999999747378752e-05,,,,100.0
1448,-3.6095612049102783,0.75,136.0,2.3361189365386963,0.0013104428071528673,9.999999747378752e-05,,,,100.0
1449,-3.6066184043884277,0.7699999809265137,136.0,2.325955629348755,0.002027727896347642,9.999999747378752e-05,,,,100.0
1450,-3.593950033187866,0.7799999713897705,136.0,2.3716604709625244,0.0015410124324262142,9.999999747378752e-05,,,,100.0
1451,-3.5834431648254395,0.7799999713897705,136.0,2.3634262084960938,0.0016221372643485665,9.999999747378752e-05,,,,100.0
1452,-3.554537534713745,0.7799999713897705,136.0,2.3358376026153564,0.0014247387880459428,9.999999747378752e-05,,,,100.0
1453,-3.539278030395508,0.7699999809265137,136.0,2.3444273471832275,0.005826639477163553,9.999999747378752e-05,,,,100.0
1454,-3.5179646015167236,0.7699999809265137,136.0,2.342130184173584,0.002271228702738881,9.999999747378752e-05,,,,100.0
1455,-3.5016562938690186,0.7699999809265137,136.0,2.291912794113159,0.001429157331585884,9.999999747378752e-05,,,,100.0
1456,-3.4853248596191406,0.75,136.0,2.3118135929107666,0.001313096727244556,9.999999747378752e-05,,,,100.0
1457,-3.460700273513794,0.7400000095367432,136.0,2.335477352142334,0.0016052243299782276,9.999999747378752e-05,,,,100.0
1458,-3.435859441757202,0.7099999785423279,136.0,2.339337110519409,0.0016723503358662128,9.999999747378752e-05,,,,100.0
1459,-3.433479070663452,0.6800000071525574,136.0,2.355304002761841,0.0018576104193925858,9.999999747378752e-05,,,,100.0
1460,-3.4331533908843994,0.6800000071525574,136.0,2.348078489303589,0.001314121182076633,9.999999747378752e-05,,,,100.0
1461,-3.4220693111419678,0.6800000071525574,136.0,2.3002421855926514,0.0031261362601071596,9.999999747378752e-05,,,,100.0
1462,-3.4170806407928467,0.6499999761581421,136.0,2.3080997467041016,0.002062292769551277,9.999999747378752e-05,,,,100.0
1463,-3.416602849960327,0.6499999761581421,136.0,2.330192804336548,0.001961014699190855,9.999999747378752e-05,,,,100.0
1464,-3.4226152896881104,0.6600000262260437,136.0,2.3392786979675293,0.0017400423530489206,9.999999747378752e-05,,,,100.0
1465,-3.4236948490142822,0.6700000166893005,136.0,2.3133785724639893,0.002949971007183194,9.999999747378752e-05,,,,100.0
1466,-3.424321413040161,0.6700000166893005,136.0,2.3679187297821045,0.00563426036387682,9.999999747378752e-05,,,,100.0
1467,-3.4293859004974365,0.6700000166893005,136.0,2.3125128746032715,0.002083883387967944,9.999999747378752e-05,,,,100.0
1468,-3.421781301498413,0.6399999856948853,136.0,2.3289568424224854,0.002855431055650115,9.999999747378752e-05,,,,100.0
1469,-3.412541389465332,0.6499999761581421,136.0,2.3185606002807617,0.0015291820745915174,9.999999747378752e-05,,,,100.0
1470,-3.404252529144287,0.6299999952316284,136.0,2.334963321685791,0.0020606189500540495,9.999999747378752e-05,,,,100.0
1471,-3.3859686851501465,0.6200000047683716,136.0,2.3230786323547363,0.0015586084919050336,9.999999747378752e-05,,,,100.0
1472,-3.368945598602295,0.6000000238418579,136.0,2.3090715408325195,0.0013851006515324116,9.999999747378752e-05,,,,100.0
1473,-3.35353422164917,0.6000000238418579,136.0,2.3196523189544678,0.0016742093721404672,9.999999747378752e-05,,,,100.0
1474,-3.339581251144409,0.6000000238418579,136.0,2.294161319732666,0.0014920135727152228,9.999999747378752e-05,,,,100.0
1475,-3.3198401927948,0.5899999737739563,136.0,2.296504020690918,0.002466879552230239,9.999999747378752e-05,,,,100.0
1476,-3.306913137435913,0.5899999737739563,136.0,2.3073840141296387,0.0021910977084189653,9.999999747378752e-05,,,,100.0
1477,-3.297703742980957,0.6000000238418579,136.0,2.3165149688720703,0.0013877456076443195,9.999999747378752e-05,,,,100.0
1478,-3.2950241565704346,0.6000000238418579,136.0,2.3171393871307373,0.001763646607287228,9.999999747378752e-05,,,,100.0
1479,-3.297701358795166,0.6100000143051147,136.0,2.3358895778656006,0.003613406093791127,9.999999747378752e-05,,,,100.0
1480,-3.2975034713745117,0.6100000143051147,136.0,2.3481996059417725,0.0017084544524550438,9.999999747378752e-05,,,,100.0
1481,-3.28631591796875,0.6299999952316284,136.0,2.3100457191467285,0.0013354062102735043,9.999999747378752e-05,,,,100.0
1482,-3.286759853363037,0.6399999856948853,136.0,2.3205084800720215,0.0014995398232713342,9.999999747378752e-05,,,,100.0
1483,-3.286900758743286,0.6499999761581421,136.0,2.35597562789917,0.0014055247884243727,9.999999747378752e-05,,,,100.0
1484,-3.2813234329223633,0.6600000262260437,136.0,2.2987475395202637,0.0032675405964255333,9.999999747378752e-05,,,,100.0
1485,-3.275399684906006,0.6700000166893005,136.0,2.330713987350464,0.0026949273888021708,9.999999747378752e-05,,,,100.0
1486,-3.270723581314087,0.6700000166893005,136.0,2.3060550689697266,0.0013144358526915312,9.999999747378752e-05,,,,100.0
1487,-3.26301908493042,0.699999988079071,136.0,2.309049606323242,0.001575545989908278,9.999999747378752e-05,,,,100.0
1488,-3.2447330951690674,0.6800000071525574,136.0,2.312102794647217,0.0020027647260576487,9.999999747378752e-05,,,,100.0
1489,-3.216693639755249,0.6700000166893005,136.0,2.315134048461914,0.001583052217029035,9.999999747378752e-05,,,,100.0
1490,-3.199774980545044,0.6600000262260437,136.0,2.310734272003174,0.0016050609992817044,9.999999747378752e-05,,,,100.0
1491,-3.1790716648101807,0.6800000071525574,136.0,2.304643392562866,0.0016378974542021751,9.999999747378752e-05,,,,100.0
1492,-3.1517701148986816,0.6800000071525574,136.0,2.27195405960083,0.0015779653331264853,9.999999747378752e-05,,,,100.0
1493,-3.147407293319702,0.699999988079071,136.0,2.2763991355895996,0.0014948042808100581,9.999999747378752e-05,,,,100.0
1494,-3.1462810039520264,0.6800000071525574,136.0,2.2703795433044434,0.0017766050295904279,9.999999747378752e-05,,,,100.0
1495,-3.1452088356018066,0.699999988079071,136.0,2.285738945007324,0.002217658795416355,9.999999747378752e-05,,,,100.0
1496,-3.1434311866760254,0.7200000286102295,136.0,2.2992308139801025,0.0026381348725408316,9.999999747378752e-05,,,,100.0
1497,-3.139171600341797,0.7400000095367432,136.0,2.2803738117218018,0.0045080906711518764,9.999999747378752e-05,,,,100.0
1498,-3.1397340297698975,0.7400000095367432,136.0,2.2842681407928467,0.00255558080971241,9.999999747378752e-05,,,,100.0
1499,-3.1334474086761475,0.7400000095367432,136.0,2.2583682537078857,0.001424398273229599,9.999999747378752e-05,,,,100.0
1500,-3.1278765201568604,0.7400000095367432,136.0,2.2278122901916504,0.001083919545635581,9.999999747378752e-05,,,,100.0
1501,-3.1208882331848145,0.7400000095367432,136.0,2.2566628456115723,0.0013347078347578645,9.999999747378752e-05,,,,100.0
1502,-3.122985601425171,0.7400000095367432,136.0,2.26395583152771,0.0020599039271473885,9.999999747378752e-05,,,,100.0
1503,-3.1246559619903564,0.7300000190734863,136.0,2.280751943588257,0.0015047164633870125,9.999999747378752e-05,,,,100.0
1504,-3.122279644012451,0.7300000190734863,136.0,2.2266554832458496,0.001458167564123869,9.999999747378752e-05,,,,100.0
1505,-3.1010987758636475,0.7200000286102295,136.0,2.2584288120269775,0.001335870590992272,9.999999747378752e-05,,,,100.0
1506,-3.089550256729126,0.7099999785423279,136.0,2.25683856010437,0.0013665277510881424,9.999999747378752e-05,,,,100.0
1507,-3.0839569568634033,0.6899999976158142,136.0,2.196335792541504,0.0016519436612725258,9.999999747378752e-05,,,,100.0
1508,-3.0869247913360596,0.6899999976158142,136.0,2.2184860706329346,0.006310350261628628,9.999999747378752e-05,,,,100.0
1509,-3.0809595584869385,0.6800000071525574,136.0,2.198230266571045,0.0013975069159641862,9.999999747378752e-05,,,,100.0
1510,-3.072390556335449,0.6600000262260437,136.0,2.1983938217163086,0.001705167000181973,9.999999747378752e-05,,,,100.0
1511,-3.0622220039367676,0.6499999761581421,136.0,2.183149576187134,0.00182912009768188,9.999999747378752e-05,,,,100.0
1512,-3.0618879795074463,0.6299999952316284,136.0,2.216639518737793,0.0021986227948218584,9.999999747378752e-05,,,,100.0
1513,-3.0645813941955566,0.6600000262260437,136.0,2.211672306060791,0.0021089757792651653,9.999999747378752e-05,,,,100.0
1514,-3.0692195892333984,0.6600000262260437,136.0,2.187521457672119,0.0014611517544835806,9.999999747378752e-05,,,,100.0
1515,-3.072965383529663,0.6600000262260437,136.0,2.187727451324463,0.0016220386605709791,9.999999747378752e-05,,,,100.0
1516,-3.0796961784362793,0.6499999761581421,136.0,2.186842441558838,0.0012571404222398996,9.999999747378752e-05,,,,100.0
1517,-3.076286554336548,0.6499999761581421,136.0,2.201939821243286,0.001926386496052146,9.999999747378752e-05,,,,100.0
1518,-3.064707040786743,0.6200000047683716,136.0,2.1703922748565674,0.0017131735803559422,9.999999747378752e-05,,,,100.0
1519,-3.05204439163208,0.6100000143051147,136.0,2.1862406730651855,0.0014329957775771618,9.999999747378752e-05,,,,100.0
1520,-3.0431830883026123,0.6100000143051147,136.0,2.1534430980682373,0.001897962298244238,9.999999747378752e-05,,,,100.0
1521,-3.032532215118408,0.5799999833106995,136.0,2.1710004806518555,0.001269807107746601,9.999999747378752e-05,,,,100.0
1522,-3.026865005493164,0.5699999928474426,136.0,2.179980993270874,0.001644718460738659,9.999999747378752e-05,,,,100.0
1523,-3.012815237045288,0.5899999737739563,136.0,2.1286306381225586,0.002530311234295368,9.999999747378752e-05,,,,100.0
1524,-3.006603240966797,0.5799999833106995,135.0,2.1413588523864746,0.002301392611116171,9.999999747378752e-05,,,,100.0
1525,-3.0084972381591797,0.5699999928474426,136.0,2.0971126556396484,0.0013620659010484815,9.999999747378752e-05,,,,100.0
1526,-3.0012660026550293,0.5600000023841858,136.0,2.1269819736480713,0.0017648317152634263,9.999999747378752e-05,,,,100.0
1527,-2.986586332321167,0.550000011920929,136.0,2.0780584812164307,0.001286785234697163,9.999999747378752e-05,,,,100.0
1528,-2.9707815647125244,0.5299999713897705,136.0,2.1036417484283447,0.0022121306974440813,9.999999747378752e-05,,,,100.0
1529,-2.943248987197876,0.5199999809265137,135.0,2.1080548763275146,0.002293848665431142,9.999999747378752e-05,,,,100.0
1530,-2.949173927307129,0.5099999904632568,136.0,2.0942649841308594,0.001524049323052168,9.999999747378752e-05,,,,100.0
1531,-2.956636905670166,0.49000000953674316,136.0,2.0834808349609375,0.0022560583893209696,9.999999747378752e-05,,,,100.0
1532,-2.9493725299835205,0.47999998927116394,136.0,2.083106279373169,0.0017238144064322114,9.999999747378752e-05,,,,100.0
1533,-2.9292783737182617,0.4699999988079071,136.0,2.1026053428649902,0.0014932055491954088,9.999999747378752e-05,,,,100.0
1534,-2.913543939590454,0.47999998927116394,135.0,2.1049044132232666,0.0013716713292524219,9.999999747378752e-05,,,,100.0
1535,-2.8991968631744385,0.5,136.0,2.043600082397461,0.0011887822765856981,9.999999747378752e-05,,,,100.0
1536,-2.8923487663269043,0.47999998927116394,136.0,2.0665459632873535,0.0019860328175127506,9.999999747378752e-05,,,,100.0
1537,-2.8738672733306885,0.49000000953674316,135.0,2.0494582653045654,0.0013381910976022482,9.999999747378752e-05,,,,100.0
1538,-2.8569741249084473,0.4699999988079071,136.0,2.0719385147094727,0.0013492887374013662,9.999999747378752e-05,,,,100.0
1539,-2.84122633934021,0.4699999988079071,135.0,2.051391839981079,0.002044664230197668,9.999999747378752e-05,,,,100.0
1540,-2.8202316761016846,0.4699999988079071,136.0,2.0694680213928223,0.001944553921930492,9.999999747378752e-05,,,,100.0
1541,-2.8165841102600098,0.44999998807907104,136.0,2.0428545475006104,0.0013060381170362234,9.999999747378752e-05,,,,100.0
1542,-2.8059771060943604,0.4300000071525574,135.0,2.057603120803833,0.0015374282374978065,9.999999747378752e-05,,,,100.0
1543,-2.8061716556549072,0.4699999988079071,135.0,2.072178363800049,0.0013225330039858818,9.999999747378752e-05,,,,100.0
1544,-2.806076765060425,0.4699999988079071,135.0,2.053398609161377,0.001465351553633809,9.999999747378752e-05,,,,100.0
1545,-2.8054606914520264,0.4300000071525574,135.0,2.0453484058380127,0.003151997458189726,9.999999747378752e-05,,,,100.0
1546,-2.8171706199645996,0.4399999976158142,136.0,2.061551570892334,0.001375940628349781,9.999999747378752e-05,,,,100.0
1547,-2.8221912384033203,0.4099999964237213,135.0,2.0435850620269775,0.001288193161599338,9.999999747378752e-05,,,,100.0
1548,-2.8266069889068604,0.38999998569488525,135.0,2.0549168586730957,0.002454393310472369,9.999999747378752e-05,,,,100.0
1549,-2.825270891189575,0.3799999952316284,135.0,2.0489306449890137,0.0013587609864771366,9.999999747378752e-05,,,,100.0
1550,-2.816951274871826,0.36000001430511475,135.0,2.074881076812744,0.0012975861318409443,9.999999747378752e-05,,,,100.0
1551,-2.82073974609375,0.36000001430511475,135.0,2.0324902534484863,0.0015877628466114402,9.999999747378752e-05,,,,100.0
1552,-2.8176374435424805,0.3400000035762787,135.0,2.0360541343688965,0.001879747724160552,9.999999747378752e-05,,,,100.0
1553,-2.8097846508026123,0.36000001430511475,135.0,2.0614137649536133,0.001397944986820221,9.999999747378752e-05,,,,100.0
1554,-2.8175923824310303,0.3400000035762787,135.0,2.0318069458007812,0.0020872510503977537,9.999999747378752e-05,,,,100.0
1555,-2.8084278106689453,0.33000001311302185,135.0,2.0518105030059814,0.0017673139227554202,9.999999747378752e-05,,,,100.0
1556,-2.799333333969116,0.3199999928474426,135.0,2.035910129547119,0.0017459229566156864,9.999999747378752e-05,,,,100.0
1557,-2.805241584777832,0.3199999928474426,135.0,2.0245938301086426,0.001849783700890839,9.999999747378752e-05,,,,100.0
1558,-2.8064846992492676,0.33000001311302185,135.0,2.0219359397888184,0.001523678656667471,9.999999747378752e-05,,,,100.0
1559,-2.8069663047790527,0.33000001311302185,135.0,2.0152249336242676,0.001458267099224031,9.999999747378752e-05,,,,100.0
1560,-2.812863349914551,0.33000001311302185,135.0,2.054689645767212,0.0024924834724515676,9.999999747378752e-05,,,,100.0
1561,-2.8141345977783203,0.3499999940395355,135.0,2.0379154682159424,0.0018511181697249413,9.999999747378752e-05,,,,100.0
1562,-2.811734914779663,0.3400000035762787,135.0,1.982776165008545,0.001468893839046359,9.999999747378752e-05,,,,100.0
1563,-2.813713312149048,0.33000001311302185,135.0,2.0491788387298584,0.0012793098576366901,9.999999747378752e-05,,,,100.0
1564,-2.81786847114563,0.3100000023841858,135.0,2.0485055446624756,0.0012284195981919765,9.999999747378752e-05,,,,100.0
1565,-2.8255577087402344,0.30000001192092896,135.0,1.9975543022155762,0.0013846115907654166,9.999999747378752e-05,,,,100.0
1566,-2.812795877456665,0.28999999165534973,135.0,2.0061240196228027,0.001357736880891025,9.999999747378752e-05,,,,100.0
1567,-2.812237024307251,0.28999999165534973,135.0,2.047654867172241,0.002648439956828952,9.999999747378752e-05,,,,100.0
1568,-2.799917459487915,0.27000001072883606,135.0,1.9906387329101562,0.0015003388980403543,9.999999747378752e-05,,,,100.0
1569,-2.7837562561035156,0.2800000011920929,135.0,2.0142974853515625,0.0015366760781034827,9.999999747378752e-05,,,,100.0
1570,-2.775552988052368,0.28999999165534973,135.0,2.0184738636016846,0.0016291531501337886,9.999999747378752e-05,,,,100.0
1571,-2.7639577388763428,0.2800000011920929,135.0,1.9890432357788086,0.001354167703539133,9.999999747378752e-05,,,,100.0
1572,-2.7545006275177,0.28999999165534973,135.0,2.0235331058502197,0.0015460709109902382,9.999999747378752e-05,,,,100.0
1573,-2.7432026863098145,0.27000001072883606,135.0,2.0141968727111816,0.0024065603502094746,9.999999747378752e-05,,,,100.0
1574,-2.7435505390167236,0.25999999046325684,135.0,1.9879567623138428,0.002680846955627203,9.999999747378752e-05,,,,100.0
1575,-2.7452099323272705,0.25999999046325684,135.0,1.980301022529602,0.0016864491626620293,9.999999747378752e-05,,,,100.0
1576,-2.7459213733673096,0.23999999463558197,135.0,1.977355718612671,0.0014912233455106616,9.999999747378752e-05,,,,100.0
1577,-2.7590248584747314,0.25,135.0,2.012777328491211,0.002045681234449148,9.999999747378752e-05,,,,100.0
1578,-2.770052671432495,0.23999999463558197,135.0,2.029024600982666,0.0026399430353194475,9.999999747378752e-05,,,,100.0
1579,-2.7815868854522705,0.25999999046325684,135.0,1.963730812072754,0.00261450232937932,9.999999747378752e-05,,,,100.0
1580,-2.7803900241851807,0.2800000011920929,135.0,1.9524376392364502,0.0013918515760451555,9.999999747378752e-05,,,,100.0
1581,-2.7793869972229004,0.30000001192092896,135.0,1.9580708742141724,0.0014716425212100148,9.999999747378752e-05,,,,100.0
1582,-2.76802659034729,0.28999999165534973,135.0,1.9368362426757812,0.0016531910514459014,9.999999747378752e-05,,,,100.0
1583,-2.761542797088623,0.2800000011920929,135.0,1.9649720191955566,0.0015006116591393948,9.999999747378752e-05,,,,100.0
1584,-2.775567054748535,0.25999999046325684,135.0,1.9710676670074463,0.0014801634242758155,9.999999747378752e-05,,,,100.0
1585,-2.7880172729492188,0.23000000417232513,135.0,1.9682769775390625,0.0016084928065538406,9.999999747378752e-05,,,,100.0
1586,-2.786766290664673,0.20999999344348907,135.0,1.9659113883972168,0.005086784716695547,9.999999747378752e-05,,,,100.0
1587,-2.7954485416412354,0.1899999976158142,135.0,1.9725096225738525,0.00184989208355546,9.999999747378752e-05,,,,100.0
1588,-2.7927086353302,0.18000000715255737,135.0,1.9826892614364624,0.0013652537018060684,9.999999747378752e-05,,,,100.0
1589,-2.786679267883301,0.18000000715255737,135.0,1.9386603832244873,0.0019475987646728754,9.999999747378752e-05,,,,100.0
1590,-2.7818095684051514,0.17000000178813934,135.0,1.944424033164978,0.0013767805648967624,9.999999747378752e-05,,,,100.0
1591,-2.7797603607177734,0.18000000715255737,135.0,1.9189376831054688,0.0015268635470420122,9.999999747378752e-05,,,,100.0
1592,-2.7786080837249756,0.17000000178813934,135.0,1.9221460819244385,0.0015152207342907786,9.999999747378752e-05,,,,100.0
1593,-2.7900211811065674,0.15000000596046448,135.0,1.976410150527954,0.0035693268291652203,9.999999747378752e-05,,,,100.0
1594,-2.8012444972991943,0.12999999523162842,135.0,1.9408806562423706,0.0013783227186650038,9.999999747378752e-05,,,,100.0
1595,-2.8017475605010986,0.11999999731779099,135.0,1.9218686819076538,0.0018047355115413666,9.999999747378752e-05,,,,100.0
1596,-2.7966928482055664,0.15000000596046448,135.0,1.9127997159957886,0.004817936569452286,9.999999747378752e-05,,,,100.0
1597,-2.7933146953582764,0.14000000059604645,135.0,1.9108026027679443,0.0019293935038149357,9.999999747378752e-05,,,,100.0
1598,-2.786813259124756,0.1599999964237213,135.0,1.897240161895752,0.0013929079286754131,9.999999747378752e-05,,,,100.0
1599,-2.782224178314209,0.1899999976158142,135.0,1.900124192237854,0.0015177687164396048,9.999999747378752e-05,,,,100.0
1600,-2.7815606594085693,0.20999999344348907,135.0,1.8889437913894653,0.001265445607714355,9.999999747378752e-05,,,,100.0
1601,-2.768123149871826,0.20999999344348907,135.0,1.902841567993164,0.001219061785377562,9.999999747378752e-05,,,,100.0
1602,-2.759918689727783,0.2199999988079071,135.0,1.853623867034912,0.003098572138696909,9.999999747378752e-05,,,,100.0
1603,-2.745175361633301,0.23000000417232513,135.0,1.8309895992279053,0.0014234889531508088,9.999999747378752e-05,,,,100.0
1604,-2.7213635444641113,0.23000000417232513,135.0,1.8524210453033447,0.001230460125952959,9.999999747378752e-05,,,,100.0
1605,-2.7081499099731445,0.20999999344348907,135.0,1.8429566621780396,0.0014708921080455184,9.999999747378752e-05,,,,100.0
1606,-2.6865322589874268,0.2199999988079071,135.0,1.868364691734314,0.0010848699603229761,9.999999747378752e-05,,,,100.0
1607,-2.6636862754821777,0.25999999046325684,135.0,1.8370411396026611,0.0013257315149530768,9.999999747378752e-05,,,,100.0
1608,-2.643538236618042,0.2800000011920929,135.0,1.862994909286499,0.001625899109058082,9.999999747378752e-05,,,,100.0
1609,-2.616241693496704,0.2800000011920929,135.0,1.8656048774719238,0.0017711706459522247,9.999999747378752e-05,,,,100.0
1610,-2.5901145935058594,0.30000001192092896,135.0,1.84698486328125,0.0013504850212484598,9.999999747378752e-05,,,,100.0
1611,-2.5761210918426514,0.3199999928474426,135.0,1.8715494871139526,0.001550300745293498,9.999999747378752e-05,,,,100.0
1612,-2.5589277744293213,0.3400000035762787,135.0,1.836780071258545,0.0014903199626132846,9.999999747378752e-05,,,,100.0
1613,-2.5596790313720703,0.36000001430511475,135.0,1.8573791980743408,0.0019907571841031313,9.999999747378752e-05,,,,100.0
1614,-2.5504658222198486,0.4000000059604645,135.0,1.8283048868179321,0.0011563630541786551,9.999999747378752e-05,,,,100.0
1615,-2.545835256576538,0.4300000071525574,135.0,1.8463393449783325,0.0015623444924131036,9.999999747378752e-05,,,,100.0
1616,-2.5437116622924805,0.4399999976158142,135.0,1.8608521223068237,0.001686848932877183,9.999999747378752e-05,,,,100.0
1617,-2.545497417449951,0.4699999988079071,135.0,1.8453813791275024,0.0015882073203101754,9.999999747378752e-05,,,,100.0
1618,-2.530139446258545,0.5099999904632568,135.0,1.8369072675704956,0.0014291902771219611,9.999999747378752e-05,,,,100.0
1619,-2.522763729095459,0.5400000214576721,135.0,1.8408715724945068,0.0013469592668116093,9.999999747378752e-05,,,,100.0
1620,-2.5146889686584473,0.5699999928474426,135.0,1.8215171098709106,0.001354695064947009,9.999999747378752e-05,,,,100.0
1621,-2.5131494998931885,0.550000011920929,135.0,1.829694390296936,0.0016757153207436204,9.999999747378752e-05,,,,100.0
1622,-2.5113930702209473,0.5799999833106995,135.0,1.8461560010910034,0.001188509981147945,9.999999747378752e-05,,,,100.0
1623,-2.5121724605560303,0.6000000238418579,135.0,1.8227357864379883,0.001428615185432136,9.999999747378752e-05,,,,100.0
1624,-2.500563621520996,0.6100000143051147,135.0,1.7899680137634277,0.001187934190966189,9.999999747378752e-05,,,,100.0
1625,-2.4942262172698975,0.6200000047683716,135.0,1.8141969442367554,0.0021094572730362415,9.999999747378752e-05,,,,100.0
1626,-2.4986398220062256,0.6299999952316284,135.0,1.8089057207107544,0.001840330078266561,9.999999747378752e-05,,,,100.0
1627,-2.4976251125335693,0.6200000047683716,135.0,1.800356388092041,0.0012390421470627189,9.999999747378752e-05,,,,100.0
1628,-2.497619390487671,0.6100000143051147,135.0,1.8147178888320923,0.0013750744983553886,9.999999747378752e-05,,,,100.0
1629,-2.5072357654571533,0.6100000143051147,135.0,1.8016467094421387,0.0015824688598513603,9.999999747378752e-05,,,,100.0
1630,-2.5132505893707275,0.6100000143051147,135.0,1.7947583198547363,0.0013060838682577014,9.999999747378752e-05,,,,100.0
1631,-2.521871566772461,0.5899999737739563,135.0,1.7924343347549438,0.001765986904501915,9.999999747378752e-05,,,,100.0
1632,-2.5414462089538574,0.5699999928474426,135.0,1.788972020149231,0.0013745668111369014,9.999999747378752e-05,,,,100.0
1633,-2.5497994422912598,0.5799999833106995,135.0,1.7734227180480957,0.0018184792716056108,9.999999747378752e-05,,,,100.0
1634,-2.5535402297973633,0.6000000238418579,135.0,1.808201789855957,0.0015900616999715567,9.999999747378752e-05,,,,100.0
1635,-2.5544681549072266,0.6000000238418579,135.0,1.7992087602615356,0.0013958243653178215,9.999999747378752e-05,,,,100.0
1636,-2.562027931213379,0.6000000238418579,135.0,1.770159125328064,0.001562655670568347,9.999999747378752e-05,,,,100.0
1637,-2.5581750869750977,0.6000000238418579,135.0,1.790751338005066,0.0015018300618976355,9.999999747378752e-05,,,,100.0
1638,-2.546992540359497,0.5899999737739563,135.0,1.7830225229263306,0.0015452643856406212,9.999999747378752e-05,,,,100.0
1639,-2.558893918991089,0.5899999737739563,135.0,1.8032865524291992,0.0032947834115475416,9.999999747378752e-05,,,,100.0
1640,-2.562143564224243,0.5799999833106995,135.0,1.7975664138793945,0.00153127231169492,9.999999747378752e-05,,,,100.0
1641,-2.5483367443084717,0.6000000238418579,135.0,1.7593861818313599,0.0012250131694599986,9.999999747378752e-05,,,,100.0
1642,-2.536839008331299,0.6100000143051147,135.0,1.7778316736221313,0.0015491512604057789,9.999999747378752e-05,,,,100.0
1643,-2.529836416244507,0.6100000143051147,135.0,1.7843202352523804,0.0025891605764627457,9.999999747378752e-05,,,,100.0
1644,-2.521074056625366,0.6200000047683716,135.0,1.7927972078323364,0.0019056617747992277,9.999999747378752e-05,,,,100.0
1645,-2.5110561847686768,0.6299999952316284,135.0,1.746227502822876,0.0014129901537671685,9.999999747378752e-05,,,,100.0
1646,-2.4940686225891113,0.6499999761581421,135.0,1.7412316799163818,0.0014099155087023973,9.999999747378752e-05,,,,100.0
1647,-2.488271713256836,0.6600000262260437,135.0,1.74147629737854,0.001284329337067902,9.999999747378752e-05,,,,100.0
1648,-2.482795476913452,0.6600000262260437,135.0,1.7193479537963867,0.0016167765716090798,9.999999747378752e-05,,,,100.0
1649,-2.4827628135681152,0.6600000262260437,135.0,1.7257291078567505,0.002164855832234025,9.999999747378752e-05,,,,100.0
1650,-2.472287893295288,0.6700000166893005,135.0,1.7403650283813477,0.0013058033073320985,9.999999747378752e-05,,,,100.0
1651,-2.4569010734558105,0.699999988079071,135.0,1.761949896812439,0.001679586828686297,9.999999747378752e-05,,,,100.0
1652,-2.4422898292541504,0.7099999785423279,135.0,1.7166779041290283,0.001711002318188548,9.999999747378752e-05,,,,100.0
1653,-2.4337453842163086,0.7200000286102295,135.0,1.7213011980056763,0.0014414527686312795,9.999999747378752e-05,,,,100.0
1654,-2.4189400672912598,0.7099999785423279,135.0,1.7299469709396362,0.0014436100609600544,9.999999747378752e-05,,,,100.0
1655,-2.4184558391571045,0.7200000286102295,135.0,1.7174439430236816,0.0016584034310653806,9.999999747378752e-05,,,,100.0
1656,-2.4198615550994873,0.7300000190734863,135.0,1.717552661895752,0.001565145212225616,9.999999747378752e-05,,,,100.0
1657,-2.4129984378814697,0.7099999785423279,135.0,1.7335708141326904,0.0011739430483430624,9.999999747378752e-05,,,,100.0
1658,-2.420947551727295,0.6899999976158142,135.0,1.709535837173462,0.001281584845855832,9.999999747378752e-05,,,,100.0
1659,-2.4270200729370117,0.699999988079071,135.0,1.6935672760009766,0.0012123736087232828,9.999999747378752e-05,,,,100.0
1660,-2.425391674041748,0.6899999976158142,135.0,1.7243398427963257,0.0012149689719080925,9.999999747378752e-05,,,,100.0
1661,-2.4265105724334717,0.6700000166893005,135.0,1.7278680801391602,0.0017835049657151103,9.999999747378752e-05,,,,100.0
1662,-2.438325881958008,0.6700000166893005,135.0,1.6812065839767456,0.0015988699160516262,9.999999747378752e-05,,,,100.0
1663,-2.447676181793213,0.6700000166893005,135.0,1.6690738201141357,0.0018397415988147259,9.999999747378752e-05,,,,100.0
1664,-2.441789150238037,0.6499999761581421,135.0,1.6956433057785034,0.0014897092478349805,9.999999747378752e-05,,,,100.0
1665,-2.4434139728546143,0.6600000262260437,135.0,1.68894624710083,0.0014887185534462333,9.999999747378752e-05,,,,100.0
1666,-2.4619131088256836,0.6299999952316284,135.0,1.6638844013214111,0.0030092913657426834,9.999999747378752e-05,,,,100.0
1667,-2.48055362701416,0.5899999737739563,135.0,1.692333698272705,0.0011872095055878162,9.999999747378752e-05,,,,100.0
1668,-2.501399040222168,0.550000011920929,135.0,1.6881283521652222,0.0015135881258174777,9.999999747378752e-05,,,,100.0
1669,-2.519253730773926,0.5099999904632568,135.0,1.6806236505508423,0.0017499212408438325,9.999999747378752e-05,,,,100.0
1670,-2.537343740463257,0.49000000953674316,135.0,1.643844723701477,0.0011955187655985355,9.999999747378752e-05,,,,100.0
1671,-2.549851655960083,0.4699999988079071,135.0,1.643390417098999,0.0011998865520581603,9.999999747378752e-05,,,,100.0
1672,-2.560931921005249,0.44999998807907104,135.0,1.6663488149642944,0.0013447650708258152,9.999999747378752e-05,,,,100.0
1673,-2.5589048862457275,0.4399999976158142,135.0,1.6740590333938599,0.001363452640362084,9.999999747378752e-05,,,,100.0
1674,-2.5625274181365967,0.41999998688697815,135.0,1.6493748426437378,0.0019243410788476467,9.999999747378752e-05,,,,100.0
1675,-2.5739479064941406,0.4000000059604645,135.0,1.6607651710510254,0.0029261221643537283,9.999999747378752e-05,,,,100.0
1676,-2.583099603652954,0.3799999952316284,135.0,1.6621599197387695,0.0014915508218109608,9.999999747378752e-05,,,,100.0
1677,-2.5876216888427734,0.3799999952316284,135.0,1.6436158418655396,0.0013562309322878718,9.999999747378752e-05,,,,100.0
1678,-2.5829918384552,0.4000000059604645,135.0,1.646916389465332,0.0011629260843619704,9.999999747378752e-05,,,,100.0
1679,-2.590609073638916,0.41999998688697815,135.0,1.6702667474746704,0.0013485817471519113,9.999999747378752e-05,,,,100.0
1680,-2.5917978286743164,0.4399999976158142,135.0,1.654292345046997,0.001430024392902851,9.999999747378752e-05,,,,100.0
1681,-2.596226692199707,0.44999998807907104,135.0,1.6550136804580688,0.0012795183574780822,9.999999747378752e-05,,,,100.0
1682,-2.6042349338531494,0.4699999988079071,135.0,1.6811487674713135,0.001307183993048966,9.999999747378752e-05,,,,100.0
1683,-2.6058971881866455,0.47999998927116394,135.0,1.6285717487335205,0.001257707946933806,9.999999747378752e-05,,,,100.0
1684,-2.6084187030792236,0.49000000953674316,135.0,1.6705176830291748,0.0012509210500866175,9.999999747378752e-05,,,,100.0
1685,-2.6196155548095703,0.5199999809265137,135.0,1.6745984554290771,0.0011562423314899206,9.999999747378752e-05,,,,100.0
1686,-2.6310973167419434,0.550000011920929,135.0,1.6498148441314697,0.0016527519328519702,9.999999747378752e-05,,,,100.0
1687,-2.6293537616729736,0.5699999928474426,135.0,1.6848379373550415,0.0013871538685634732,9.999999747378752e-05,,,,100.0
1688,-2.634209156036377,0.5799999833106995,135.0,1.654020071029663,0.001183275249786675,9.999999747378752e-05,,,,100.0
1689,-2.637012243270874,0.5899999737739563,135.0,1.632741093635559,0.0016214941861107945,9.999999747378752e-05,,,,100.0
1690,-2.633685350418091,0.5799999833106995,135.0,1.639449119567871,0.0016173836775124073,9.999999747378752e-05,,,,100.0
1691,-2.6263198852539062,0.6000000238418579,135.0,1.6198265552520752,0.0015352731570601463,9.999999747378752e-05,,,,100.0
1692,-2.6172003746032715,0.6399999856948853,135.0,1.6198397874832153,0.0011243714252486825,9.999999747378752e-05,,,,100.0
1693,-2.610100746154785,0.6600000262260437,135.0,1.6391067504882812,0.0015095912385731936,9.999999747378752e-05,,,,100.0
1694,-2.6049296855926514,0.6899999976158142,135.0,1.633518934249878,0.001379200373776257,9.999999747378752e-05,,,,100.0
1695,-2.5935990810394287,0.699999988079071,135.0,1.6235045194625854,0.0013913360890001059,9.999999747378752e-05,,,,100.0
1696,-2.5985302925109863,0.699999988079071,135.0,1.6294968128204346,0.0014651719247922301,9.999999747378752e-05,,,,100.0
1697,-2.599977970123291,0.6800000071525574,135.0,1.653464674949646,0.001020291936583817,9.999999747378752e-05,,,,100.0
1698,-2.604367733001709,0.6700000166893005,135.0,1.6275346279144287,0.0011040001409128308,9.999999747378752e-05,,,,100.0
1699,-2.613013744354248,0.6600000262260437,135.0,1.6048136949539185,0.0038797983434051275,9.999999747378752e-05,,,,100.0
1700,-2.6025116443634033,0.6800000071525574,135.0,1.6277496814727783,0.0017384291859343648,9.999999747378752e-05,,,,100.0
1701,-2.595017671585083,0.699999988079071,135.0,1.5917479991912842,0.0012736315838992596,9.999999747378752e-05,,,,100.0
1702,-2.593085765838623,0.7200000286102295,135.0,1.6110385656356812,0.0013680864358320832,9.999999747378752e-05,,,,100.0
1703,-2.5923869609832764,0.7200000286102295,135.0,1.5942809581756592,0.0014691422693431377,9.999999747378752e-05,,,,100.0
1704,-2.5844321250915527,0.7300000190734863,135.0,1.608681321144104,0.0014810446882620454,9.999999747378752e-05,,,,100.0
1705,-2.5743677616119385,0.7099999785423279,135.0,1.6378834247589111,0.0016253659268841147,9.999999747378752e-05,,,,100.0
1706,-2.567631959915161,0.6899999976158142,135.0,1.608311414718628,0.00445141876116395,9.999999747378752e-05,,,,100.0
1707,-2.5536487102508545,0.6800000071525574,135.0,1.6042500734329224,0.0012972422409802675,9.999999747378752e-05,,,,100.0
1708,-2.538092851638794,0.6899999976158142,135.0,1.5952503681182861,0.0014064537826925516,9.999999747378752e-05,,,,100.0
1709,-2.5260918140411377,0.6800000071525574,135.0,1.5954140424728394,0.0015378491953015327,9.999999747378752e-05,,,,100.0
1710,-2.526928424835205,0.6700000166893005,135.0,1.6233508586883545,0.0025920358020812273,9.999999747378752e-05,,,,100.0
1711,-2.50849986076355,0.6399999856948853,135.0,1.5972864627838135,0.0011063391575589776,9.999999747378752e-05,,,,100.0
1712,-2.4936892986297607,0.6100000143051147,135.0,1.6246447563171387,0.0016518821939826012,9.999999747378752e-05,,,,100.0
1713,-2.471447467803955,0.6100000143051147,135.0,1.5870413780212402,0.001478068996220827,9.999999747378752e-05,,,,100.0
1714,-2.4627251625061035,0.5799999833106995,135.0,1.5951423645019531,0.002250118413940072,9.999999747378752e-05,,,,100.0
1715,-2.460238456726074,0.5600000023841858,135.0,1.5954803228378296,0.0012702696258202195,9.999999747378752e-05,,,,100.0
1716,-2.4516398906707764,0.5299999713897705,135.0,1.5595651865005493,0.0012668728595599532,9.999999747378752e-05,,,,100.0
1717,-2.4436299800872803,0.5099999904632568,135.0,1.5773659944534302,0.0013864196371287107,9.999999747378752e-05,,,,100.0
1718,-2.428957223892212,0.5299999713897705,135.0,1.5866936445236206,0.001471513882279396,9.999999747378752e-05,,,,100.0
1719,-2.411548137664795,0.5400000214576721,135.0,1.5775021314620972,0.001265462371520698,9.999999747378752e-05,,,,100.0
1720,-2.404480218887329,0.550000011920929,135.0,1.576246738433838,0.0012161986669525504,9.999999747378752e-05,,,,100.0
1721,-2.38370680809021,0.5699999928474426,135.0,1.587188482284546,0.0011608627391979098,9.999999747378752e-05,,,,100.0
1722,-2.359459638595581,0.6100000143051147,135.0,1.5847331285476685,0.0016687160823494196,9.999999747378752e-05,,,,100.0
1723,-2.360456705093384,0.6299999952316284,135.0,1.5797313451766968,0.001239228411577642,9.999999747378752e-05,,,,100.0
1724,-2.351567506790161,0.6499999761581421,135.0,1.598405361175537,0.0016285738674923778,9.999999747378752e-05,,,,100.0
1725,-2.36702036857605,0.6299999952316284,135.0,1.6100705862045288,0.0028735895175486803,9.999999747378752e-05,,,,100.0
1726,-2.3810458183288574,0.6000000238418579,135.0,1.6125105619430542,0.001126028597354889,9.999999747378752e-05,,,,100.0
1727,-2.402191638946533,0.5699999928474426,135.0,1.6053310632705688,0.0017792453290894628,9.999999747378752e-05,,,,100.0
1728,-2.4136276245117188,0.5600000023841858,135.0,1.5973796844482422,0.0014767000684514642,9.999999747378752e-05,,,,100.0
1729,-2.4305994510650635,0.5299999713897705,135.0,1.596956491470337,0.001747501315549016,9.999999747378752e-05,,,,100.0
1730,-2.4468002319335938,0.5299999713897705,135.0,1.5720033645629883,0.0011498552048578858,9.999999747378752e-05,,,,100.0
1731,-2.4559404850006104,0.5400000214576721,135.0,1.5866186618804932,0.002803609473630786,9.999999747378752e-05,,,,100.0
1732,-2.4744389057159424,0.550000011920929,135.0,1.5730435848236084,0.0015551696997135878,9.999999747378752e-05,,,,100.0
1733,-2.4950942993164062,0.5400000214576721,135.0,1.5649118423461914,0.001382480259053409,9.999999747378752e-05,,,,100.0
1734,-2.508805513381958,0.5299999713897705,135.0,1.5981751680374146,0.002089249435812235,9.999999747378752e-05,,,,100.0
1735,-2.511186122894287,0.5199999809265137,135.0,1.6032696962356567,0.004303176421672106,9.999999747378752e-05,,,,100.0
1736,-2.519078016281128,0.5600000023841858,135.0,1.6012367010116577,0.0010779646690934896,9.999999747378752e-05,,,,100.0
1737,-2.534813165664673,0.5899999737739563,135.0,1.6077250242233276,0.0017907144501805305,9.999999747378752e-05,,,,100.0
1738,-2.5565109252929688,0.5799999833106995,135.0,1.5895359516143799,0.0013650862965732813,9.999999747378752e-05,,,,100.0
1739,-2.5664920806884766,0.6200000047683716,135.0,1.5929728746414185,0.0015352951595559716,9.999999747378752e-05,,,,100.0
1740,-2.5758986473083496,0.6399999856948853,135.0,1.5762138366699219,0.0014703470515087247,9.999999747378752e-05,,,,100.0
1741,-2.5918853282928467,0.6499999761581421,135.0,1.5608525276184082,0.0013071910943835974,9.999999747378752e-05,,,,100.0
1742,-2.600627899169922,0.6399999856948853,135.0,1.5795817375183105,0.001105179893784225,9.999999747378752e-05,,,,100.0
1743,-2.607558488845825,0.6399999856948853,135.0,1.5765267610549927,0.0016188051085919142,9.999999747378752e-05,,,,100.0
1744,-2.6323204040527344,0.6200000047683716,135.0,1.5647615194320679,0.001960938796401024,9.999999747378752e-05,,,,100.0
1745,-2.6441705226898193,0.6000000238418579,135.0,1.5482686758041382,0.001201172941364348,9.999999747378752e-05,,,,100.0
1746,-2.662344217300415,0.5799999833106995,135.0,1.5692299604415894,0.0016570151783525944,9.999999747378752e-05,,,,100.0
1747,-2.6688766479492188,0.5600000023841858,135.0,1.5793496370315552,0.0010244360892102122,9.999999747378752e-05,,,,100.0
1748,-2.6672160625457764,0.5400000214576721,135.0,1.5576539039611816,0.0012543521588668227,9.999999747378752e-05,,,,100.0
1749,-2.6638412475585938,0.5099999904632568,135.0,1.5587842464447021,0.0016346621559932828,9.999999747378752e-05,,,,100.0
1750,-2.6460955142974854,0.5,135.0,1.5785598754882812,0.0012775796931236982,9.999999747378752e-05,,,,100.0
1751,-2.6255810260772705,0.5099999904632568,135.0,1.5418100357055664,0.0011371112195774913,9.999999747378752e-05,,,,100.0
1752,-2.5959808826446533,0.5199999809265137,135.0,1.5804874897003174,0.0015686799306422472,9.999999747378752e-05,,,,100.0
1753,-2.5773215293884277,0.5199999809265137,135.0,1.5379091501235962,0.0010006732773035765,9.999999747378752e-05,,,,100.0
1754,-2.549074172973633,0.5299999713897705,135.0,1.5594452619552612,0.0014369389973580837,9.999999747378752e-05,,,,100.0
1755,-2.5225436687469482,0.5199999809265137,135.0,1.5273908376693726,0.001196273835375905,9.999999747378752e-05,,,,100.0
1756,-2.4980990886688232,0.5199999809265137,135.0,1.5443732738494873,0.0016288841143250465,9.999999747378752e-05,,,,100.0
1757,-2.4752697944641113,0.5299999713897705,135.0,1.5390428304672241,0.0021780715323984623,9.999999747378752e-05,,,,100.0
1758,-2.459855318069458,0.5299999713897705,135.0,1.5633169412612915,0.00923128705471754,9.999999747378752e-05,,,,100.0
1759,-2.433680534362793,0.5299999713897705,135.0,1.527353286743164,0.0010598902590572834,9.999999747378752e-05,,,,100.0
1760,-2.4114139080047607,0.5199999809265137,135.0,1.5243990421295166,0.0013301566941663623,9.999999747378752e-05,,,,100.0
1761,-2.3992605209350586,0.5,135.0,1.5185133218765259,0.0012511402601376176,9.999999747378752e-05,,,,100.0
1762,-2.380965232849121,0.4699999988079071,135.0,1.5698843002319336,0.0010401175823062658,9.999999747378752e-05,,,,100.0
1763,-2.3792173862457275,0.4699999988079071,135.0,1.5347799062728882,0.0008677562582306564,9.999999747378752e-05,,,,100.0
1764,-2.368316173553467,0.46000000834465027,135.0,1.5322492122650146,0.0013509251875802875,9.999999747378752e-05,,,,100.0
1765,-2.3484997749328613,0.4699999988079071,135.0,1.5718108415603638,0.0017491561593487859,9.999999747378752e-05,,,,100.0
1766,-2.3350231647491455,0.49000000953674316,135.0,1.5728083848953247,0.0014434740878641605,9.999999747378752e-05,,,,100.0
1767,-2.3187174797058105,0.5099999904632568,135.0,1.5474008321762085,0.0015275259502232075,9.999999747378752e-05,,,,100.0
1768,-2.3151161670684814,0.5,135.0,1.542812466621399,0.001298855640925467,9.999999747378752e-05,,,,100.0
1769,-2.295290470123291,0.5199999809265137,135.0,1.5568592548370361,0.0013422773918136954,9.999999747378752e-05,,,,100.0
1770,-2.2946228981018066,0.5199999809265137,135.0,1.5657784938812256,0.0011782661313191056,9.999999747378752e-05,,,,100.0
1771,-2.2931830883026123,0.5400000214576721,135.0,1.553381323814392,0.0018413647776469588,9.999999747378752e-05,,,,100.0
1772,-2.2891082763671875,0.5600000023841858,135.0,1.579626441001892,0.0013981368392705917,9.999999747378752e-05,,,,100.0
1773,-2.282191514968872,0.5600000023841858,135.0,1.5487290620803833,0.0011599790304899216,9.999999747378752e-05,,,,100.0
1774,-2.271157741546631,0.6000000238418579,135.0,1.5718201398849487,0.0013898022007197142,9.999999747378752e-05,,,,100.0
1775,-2.274127721786499,0.6000000238418579,135.0,1.5505541563034058,0.0013358686119318008,9.999999747378752e-05,,,,100.0
1776,-2.2738287448883057,0.6200000047683716,135.0,1.588470697402954,0.004312391392886639,9.999999747378752e-05,,,,100.0
1777,-2.269717216491699,0.6299999952316284,135.0,1.53451406955719,0.0010421015322208405,9.999999747378752e-05,,,,100.0
1778,-2.272763252258301,0.6299999952316284,135.0,1.5447616577148438,0.0012796567752957344,9.999999747378752e-05,,,,100.0
1779,-2.285067558288574,0.6299999952316284,135.0,1.5587775707244873,0.0012620287016034126,9.999999747378752e-05,,,,100.0
1780,-2.288275718688965,0.6499999761581421,135.0,1.5196102857589722,0.0014298062305897474,9.999999747378752e-05,,,,100.0
1781,-2.2908785343170166,0.6299999952316284,135.0,1.5242345333099365,0.0011418777285143733,9.999999747378752e-05,,,,100.0
1782,-2.2756123542785645,0.6299999952316284,135.0,1.518583059310913,0.0011324597289785743,9.999999747378752e-05,,,,100.0
1783,-2.2573904991149902,0.6299999952316284,135.0,1.5061419010162354,0.0012020424474030733,9.999999747378752e-05,,,,100.0
1784,-2.26196551322937,0.6399999856948853,135.0,1.5152403116226196,0.001824039500206709,9.999999747378752e-05,,,,100.0
1785,-2.2460222244262695,0.6700000166893005,135.0,1.5091371536254883,0.0010938651394098997,9.999999747378752e-05,,,,100.0
1786,-2.2303431034088135,0.6899999976158142,135.0,1.5503644943237305,0.0011031904723495245,9.999999747378752e-05,,,,100.0
1787,-2.219388723373413,0.7200000286102295,135.0,1.5157393217086792,0.0010420766193419695,9.999999747378752e-05,,,,100.0
1788,-2.198975086212158,0.7400000095367432,135.0,1.5239330530166626,0.0009938373696058989,9.999999747378752e-05,,,,100.0
1789,-2.1871540546417236,0.7300000190734863,135.0,1.530203938484192,0.0014157992554828525,9.999999747378752e-05,,,,100.0
1790,-2.196587562561035,0.7300000190734863,135.0,1.5564674139022827,0.0018108028452843428,9.999999747378752e-05,,,,100.0
1791,-2.1856870651245117,0.7300000190734863,135.0,1.535854697227478,0.001084590912796557,9.999999747378752e-05,,,,100.0
1792,-2.1976382732391357,0.7400000095367432,135.0,1.5350264310836792,0.0014302196213975549,9.999999747378752e-05,,,,100.0
1793,-2.206474542617798,0.75,135.0,1.541947603225708,0.0013724203454330564,9.999999747378752e-05,,,,100.0
1794,-2.2110354900360107,0.7200000286102295,135.0,1.5467373132705688,0.0013155651977285743,9.999999747378752e-05,,,,100.0
1795,-2.2072670459747314,0.7200000286102295,135.0,1.5368711948394775,0.0014139284612610936,9.999999747378752e-05,,,,100.0
1796,-2.2001395225524902,0.6899999976158142,135.0,1.5470672845840454,0.0015327795408666134,9.999999747378752e-05,,,,100.0
1797,-2.2057745456695557,0.6700000166893005,135.0,1.5387111902236938,0.00109269714448601,9.999999747378752e-05,,,,100.0
1798,-2.201411247253418,0.6700000166893005,135.0,1.5504642724990845,0.0013093226589262486,9.999999747378752e-05,,,,100.0
1799,-2.2104439735412598,0.6399999856948853,135.0,1.543177604675293,0.0027479210402816534,9.999999747378752e-05,,,,100.0
1800,-2.2103030681610107,0.6499999761581421,135.0,1.5344886779785156,0.0012795221991837025,9.999999747378752e-05,,,,100.0
1801,-2.2084219455718994,0.6399999856948853,135.0,1.5316038131713867,0.0014869634760543704,9.999999747378752e-05,,,,100.0
1802,-2.2018706798553467,0.6499999761581421,135.0,1.5441516637802124,0.0011408685240894556,9.999999747378752e-05,,,,100.0
1803,-2.194199800491333,0.6600000262260437,135.0,1.499489188194275,0.0009896312840282917,9.999999747378752e-05,,,,100.0
1804,-2.174321174621582,0.6700000166893005,135.0,1.511511206626892,0.000993433059193194,9.999999747378752e-05,,,,100.0
1805,-2.166649341583252,0.6800000071525574,135.0,1.5248384475708008,0.0011316793970763683,9.999999747378752e-05,,,,100.0
1806,-2.1592323780059814,0.7099999785423279,135.0,1.4978100061416626,0.0010304490569978952,9.999999747378752e-05,,,,100.0
1807,-2.1651599407196045,0.7200000286102295,135.0,1.5239187479019165,0.0010985289700329304,9.999999747378752e-05,,,,100.0
1808,-2.155991554260254,0.7300000190734863,135.0,1.504653811454773,0.0011586140608415008,9.999999747378752e-05,,,,100.0
1809,-2.141655683517456,0.7300000190734863,135.0,1.5273412466049194,0.0014003308024257421,9.999999747378752e-05,,,,100.0
1810,-2.1426539421081543,0.7099999785423279,135.0,1.498390555381775,0.001103044138289988,9.999999747378752e-05,,,,100.0
1811,-2.1422462463378906,0.6899999976158142,135.0,1.4828829765319824,0.0011328248074278235,9.999999747378752e-05,,,,100.0
1812,-2.1473703384399414,0.6700000166893005,135.0,1.5083799362182617,0.0013916873140260577,9.999999747378752e-05,,,,100.0
1813,-2.1390798091888428,0.6600000262260437,135.0,1.499940276145935,0.0008446312276646495,9.999999747378752e-05,,,,100.0
1814,-2.1382625102996826,0.6499999761581421,135.0,1.5228177309036255,0.0011868891306221485,9.999999747378752e-05,,,,100.0
1815,-2.1203062534332275,0.6299999952316284,135.0,1.5004832744598389,0.0013361470773816109,9.999999747378752e-05,,,,100.0
1816,-2.1291749477386475,0.6299999952316284,135.0,1.4960899353027344,0.0026988424360752106,9.999999747378752e-05,,,,100.0
1817,-2.1100780963897705,0.6200000047683716,135.0,1.5255653858184814,0.00247423117980361,9.999999747378752e-05,,,,100.0
1818,-2.0874905586242676,0.5899999737739563,135.0,1.4946677684783936,0.0010128237772732973,9.999999747378752e-05,,,,100.0
1819,-2.0705156326293945,0.6200000047683716,135.0,1.5099586248397827,0.0010209879837930202,9.999999747378752e-05,,,,100.0
1820,-2.0569894313812256,0.6299999952316284,135.0,1.4909569025039673,0.0011779965134337544,9.999999747378752e-05,,,,100.0
1821,-2.0367355346679688,0.6399999856948853,135.0,1.4681452512741089,0.0010186146246269345,9.999999747378752e-05,,,,100.0
1822,-2.02518630027771,0.6499999761581421,135.0,1.5003275871276855,0.0020957672968506813,9.999999747378752e-05,,,,100.0
1823,-2.0140559673309326,0.6700000166893005,135.0,1.5054945945739746,0.0013765603071078658,9.999999747378752e-05,,,,100.0
1824,-1.9889113903045654,0.6800000071525574,135.0,1.509072184562683,0.000961414014454931,9.999999747378752e-05,,,,100.0
1825,-1.9735989570617676,0.6899999976158142,135.0,1.5036845207214355,0.001378063578158617,9.999999747378752e-05,,,,100.0
1826,-1.9619957208633423,0.699999988079071,135.0,1.488481879234314,0.0011871509486809373,9.999999747378752e-05,,,,100.0
1827,-1.9570320844650269,0.6700000166893005,135.0,1.5021971464157104,0.0012623182265087962,9.999999747378752e-05,,,,100.0
1828,-1.9569413661956787,0.6499999761581421,135.0,1.496667504310608,0.001068152254447341,9.999999747378752e-05,,,,100.0
1829,-1.9588775634765625,0.6600000262260437,135.0,1.4777311086654663,0.0013856537407264113,9.999999747378752e-05,,,,100.0
1830,-1.955250859260559,0.6399999856948853,135.0,1.4935004711151123,0.0010195671347901225,9.999999747378752e-05,,,,100.0
1831,-1.9549108743667603,0.6299999952316284,135.0,1.4880553483963013,0.0010365901980549097,9.999999747378752e-05,,,,100.0
1832,-1.948301911354065,0.6100000143051147,135.0,1.493406891822815,0.00142331060487777,9.999999747378752e-05,,,,100.0
1833,-1.9643080234527588,0.6000000238418579,135.0,1.5009896755218506,0.0010575194610282779,9.999999747378752e-05,,,,100.0
1834,-1.9750502109527588,0.6100000143051147,135.0,1.487282156944275,0.0022717167157679796,9.999999747378752e-05,,,,100.0
1835,-1.9871197938919067,0.6000000238418579,135.0,1.5011510848999023,0.0019654701463878155,9.999999747378752e-05,,,,100.0
1836,-2.020446300506592,0.6100000143051147,135.0,1.4823113679885864,0.0016783702885732055,9.999999747378752e-05,,,,100.0
1837,-2.0107765197753906,0.6299999952316284,135.0,1.4949923753738403,0.0010775089031085372,9.999999747378752e-05,,,,100.0
1838,-2.006235361099243,0.6399999856948853,135.0,1.4894185066223145,0.0012404626468196511,9.999999747378752e-05,,,,100.0
1839,-1.9959455728530884,0.6499999761581421,135.0,1.4835070371627808,0.0017269984818995,9.999999747378752e-05,,,,100.0
1840,-1.9970797300338745,0.6800000071525574,135.0,1.4778996706008911,0.003139536827802658,9.999999747378752e-05,,,,100.0
1841,-1.9833167791366577,0.6899999976158142,135.0,1.4608170986175537,0.0011437013745307922,9.999999747378752e-05,,,,100.0
1842,-1.976334810256958,0.699999988079071,135.0,1.4644306898117065,0.0012008302146568894,9.999999747378752e-05,,,,100.0
1843,-1.97528874874115,0.7300000190734863,135.0,1.4761621952056885,0.0012659122003242373,9.999999747378752e-05,,,,100.0
1844,-1.971234917640686,0.7200000286102295,135.0,1.4657422304153442,0.0009989466052502394,9.999999747378752e-05,,,,100.0
1845,-1.9686574935913086,0.7300000190734863,135.0,1.4732306003570557,0.0014484362909570336,9.999999747378752e-05,,,,100.0
1846,-1.9647750854492188,0.75,135.0,1.495900273323059,0.0016972713638097048,9.999999747378752e-05,,,,100.0
1847,-1.958349347114563,0.7599999904632568,135.0,1.471720576286316,0.0011215127306059003,9.999999747378752e-05,,,,100.0
1848,-1.9556119441986084,0.75,135.0,1.49838125705719,0.0010457697790116072,9.999999747378752e-05,,,,100.0
1849,-1.9563473463058472,0.7599999904632568,135.0,1.4847352504730225,0.0010764726903289557,9.999999747378752e-05,,,,100.0
1850,-1.9492945671081543,0.7699999809265137,135.0,1.473117709159851,0.0008700963808223605,9.999999747378752e-05,,,,100.0
1851,-1.9571431875228882,0.7599999904632568,135.0,1.4959909915924072,0.002082299906760454,9.999999747378752e-05,,,,100.0
1852,-1.9589412212371826,0.7900000214576721,135.0,1.4626795053482056,0.0013744828756898642,9.999999747378752e-05,,,,100.0
1853,-1.9581694602966309,0.8100000023841858,135.0,1.451255202293396,0.0012929976219311357,9.999999747378752e-05,,,,100.0
1854,-1.955383062362671,0.8100000023841858,135.0,1.4430919885635376,0.001440826221369207,9.999999747378752e-05,,,,100.0
1855,-1.9567824602127075,0.8199999928474426,135.0,1.496069073677063,0.001339667709544301,9.999999747378752e-05,,,,100.0
1856,-1.9561357498168945,0.8100000023841858,135.0,1.4479379653930664,0.0010128378635272384,9.999999747378752e-05,,,,100.0
1857,-1.9520442485809326,0.8199999928474426,135.0,1.4490982294082642,0.0010914852609857917,9.999999747378752e-05,,,,100.0
1858,-1.9460779428482056,0.8199999928474426,135.0,1.4600679874420166,0.001356949913315475,9.999999747378752e-05,,,,100.0
1859,-1.9308961629867554,0.8199999928474426,135.0,1.4626542329788208,0.0010371579555794597,9.999999747378752e-05,,,,100.0
1860,-1.9325474500656128,0.8500000238418579,135.0,1.4767488241195679,0.0013501947978511453,9.999999747378752e-05,,,,100.0
1861,-1.8967859745025635,0.8500000238418579,135.0,1.4601491689682007,0.001685707364231348,9.999999747378752e-05,,,,100.0
1862,-1.89167320728302,0.8500000238418579,135.0,1.4368261098861694,0.0010667323367670178,9.999999747378752e-05,,,,100.0
1863,-1.8864872455596924,0.8600000143051147,135.0,1.4653751850128174,0.0023661989253014326,9.999999747378752e-05,,,,100.0
1864,-1.8847129344940186,0.8799999952316284,135.0,1.4421818256378174,0.001082001719623804,9.999999747378752e-05,,,,100.0
1865,-1.8805166482925415,0.8799999952316284,135.0,1.449034333229065,0.0012075408594682813,9.999999747378752e-05,,,,100.0
1866,-1.8749386072158813,0.8700000047683716,135.0,1.4434748888015747,0.001552295871078968,9.999999747378752e-05,,,,100.0
1867,-1.8751705884933472,0.8700000047683716,135.0,1.4743956327438354,0.0011047471780329943,9.999999747378752e-05,,,,100.0
1868,-1.8708910942077637,0.8700000047683716,135.0,1.4262104034423828,0.000924625142943114,9.999999747378752e-05,,,,100.0
1869,-1.8691012859344482,0.8799999952316284,135.0,1.4406452178955078,0.001607586513273418,9.999999747378752e-05,,,,100.0
1870,-1.8611947298049927,0.8799999952316284,135.0,1.446060299873352,0.0010071526048704982,9.999999747378752e-05,,,,100.0
1871,-1.8684992790222168,0.8799999952316284,135.0,1.4301928281784058,0.0010828481754288077,9.999999747378752e-05,,,,100.0
1872,-1.873746633529663,0.8700000047683716,135.0,1.4489744901657104,0.0013646289007738233,9.999999747378752e-05,,,,100.0
1873,-1.8747682571411133,0.8799999952316284,135.0,1.4399982690811157,0.0011543298605829477,9.999999747378752e-05,,,,100.0
1874,-1.8834028244018555,0.8899999856948853,135.0,1.4248244762420654,0.00139274459797889,9.999999747378752e-05,,,,100.0
1875,-1.8874342441558838,0.8899999856948853,135.0,1.4420605897903442,0.0010814814595505595,9.999999747378752e-05,,,,100.0
1876,-1.8931370973587036,0.8899999856948853,135.0,1.4214661121368408,0.0019095931202173233,9.999999747378752e-05,,,,100.0
1877,-1.8959115743637085,0.8899999856948853,135.0,1.410691499710083,0.001032386557199061,9.999999747378752e-05,,,,100.0
1878,-1.8954626321792603,0.8799999952316284,135.0,1.426685094833374,0.0009970131795853376,9.999999747378752e-05,,,,100.0
1879,-1.8955622911453247,0.8799999952316284,135.0,1.4114725589752197,0.0009767948649823666,9.999999747378752e-05,,,,100.0
1880,-1.8973757028579712,0.8999999761581421,135.0,1.429653286933899,0.0010878312168642879,9.999999747378752e-05,,,,100.0
1881,-1.9021141529083252,0.9300000071525574,135.0,1.4326220750808716,0.0015127846272662282,9.999999747378752e-05,,,,100.0
1882,-1.908470630645752,0.9399999976158142,135.0,1.4139964580535889,0.0014261725591495633,9.999999747378752e-05,,,,100.0
1883,-1.9045881032943726,0.949999988079071,135.0,1.4148615598678589,0.001222849590703845,9.999999747378752e-05,,,,100.0
1884,-1.907801866531372,0.949999988079071,135.0,1.428551435470581,0.0010456822346895933,9.999999747378752e-05,,,,100.0
1885,-1.8936232328414917,0.949999988079071,135.0,1.4252955913543701,0.002156931674107909,9.999999747378752e-05,,,,100.0
1886,-1.8963408470153809,0.9599999785423279,135.0,1.4353610277175903,0.0012703377287834883,9.999999747378752e-05,,,,100.0
1887,-1.9048118591308594,0.9599999785423279,135.0,1.4261298179626465,0.0011576752876862884,9.999999747378752e-05,,,,100.0
1888,-1.9086369276046753,0.949999988079071,135.0,1.4195054769515991,0.0024866601452231407,9.999999747378752e-05,,,,100.0
1889,-1.9130420684814453,0.949999988079071,135.0,1.4144693613052368,0.0014584532473236322,9.999999747378752e-05,,,,100.0
1890,-1.9127037525177002,0.949999988079071,135.0,1.4063241481781006,0.001497421064414084,9.999999747378752e-05,,,,100.0
1891,-1.918566346168518,0.9599999785423279,135.0,1.4187803268432617,0.0010435768635943532,9.999999747378752e-05,,,,100.0
1892,-1.926705002784729,0.9599999785423279,135.0,1.4285832643508911,0.00142507569398731,9.999999747378752e-05,,,,100.0
1893,-1.940533995628357,0.9399999976158142,135.0,1.4209753274917603,0.0017921754624694586,9.999999747378752e-05,,,,100.0
1894,-1.9446349143981934,0.9399999976158142,135.0,1.4121997356414795,0.0011474078055471182,9.999999747378752e-05,,,,100.0
1895,-1.9599709510803223,0.9300000071525574,135.0,1.426222562789917,0.0014920765534043312,9.999999747378752e-05,,,,100.0
1896,-1.9699162244796753,0.9300000071525574,135.0,1.4158909320831299,0.0011745368828997016,9.999999747378752e-05,,,,100.0
1897,-1.9703867435455322,0.9399999976158142,135.0,1.4261103868484497,0.0010194131173193455,9.999999747378752e-05,,,,100.0
1898,-1.979975938796997,0.9300000071525574,135.0,1.4190396070480347,0.0014173644594848156,9.999999747378752e-05,,,,100.0
1899,-1.9788296222686768,0.9300000071525574,135.0,1.4273041486740112,0.0011178331915289164,9.999999747378752e-05,,,,100.0
1900,-1.980570673942566,0.9300000071525574,135.0,1.4056943655014038,0.0011730145197361708,9.999999747378752e-05,,,,100.0
1901,-1.9651992321014404,0.9300000071525574,135.0,1.4216084480285645,0.000999439973384142,9.999999747378752e-05,,,,100.0
1902,-1.9600551128387451,0.9300000071525574,135.0,1.41836416721344,0.0010349476942792535,9.999999747378752e-05,,,,100.0
1903,-1.9583948850631714,0.9399999976158142,135.0,1.3920129537582397,0.0013880494516342878,9.999999747378752e-05,,,,100.0
1904,-1.964586615562439,0.9300000071525574,135.0,1.4136253595352173,0.001575395930558443,9.999999747378752e-05,,,,100.0
1905,-1.9658806324005127,0.9300000071525574,135.0,1.3904653787612915,0.0013001877814531326,9.999999747378752e-05,,,,100.0
1906,-1.9616913795471191,0.9300000071525574,135.0,1.3977733850479126,0.0009333396446891129,9.999999747378752e-05,,,,100.0
1907,-1.9618864059448242,0.9300000071525574,135.0,1.4089797735214233,0.0012027807533740997,9.999999747378752e-05,,,,100.0
1908,-1.964637041091919,0.9300000071525574,135.0,1.4247525930404663,0.0018810851033776999,9.999999747378752e-05,,,,100.0
1909,-1.9677577018737793,0.9100000262260437,135.0,1.4178297519683838,0.0012909877113997936,9.999999747378752e-05,,,,100.0
1910,-1.9677419662475586,0.8999999761581421,135.0,1.4029055833816528,0.0013574083568528295,9.999999747378752e-05,,,,100.0
1911,-1.966309905052185,0.8899999856948853,135.0,1.3792234659194946,0.0011093791108578444,9.999999747378752e-05,,,,100.0
1912,-1.9645123481750488,0.8700000047683716,135.0,1.379824161529541,0.0009638939518481493,9.999999747378752e-05,,,,100.0
1913,-1.9673562049865723,0.8799999952316284,135.0,1.3915157318115234,0.001782293082214892,9.999999747378752e-05,,,,100.0
1914,-1.9712681770324707,0.8700000047683716,135.0,1.3925508260726929,0.002122438745573163,9.999999747378752e-05,,,,100.0
1915,-1.9696437120437622,0.8700000047683716,135.0,1.3846557140350342,0.0009481688030064106,9.999999747378752e-05,,,,100.0
1916,-1.9735397100448608,0.8500000238418579,135.0,1.3816518783569336,0.0018619881011545658,9.999999747378752e-05,,,,100.0
1917,-1.9706875085830688,0.8500000238418579,135.0,1.4082540273666382,0.0012580155162140727,9.999999747378752e-05,,,,100.0
1918,-1.9699749946594238,0.8600000143051147,135.0,1.3585783243179321,0.0017170747742056847,9.999999747378752e-05,,,,100.0
1919,-1.9601718187332153,0.8600000143051147,135.0,1.4083597660064697,0.0011787415714934468,9.999999747378752e-05,,,,100.0
1920,-1.9456431865692139,0.8600000143051147,135.0,1.3862632513046265,0.001069685211405158,9.999999747378752e-05,,,,100.0
1921,-1.9331914186477661,0.8500000238418579,135.0,1.386730432510376,0.0009069711668416858,9.999999747378752e-05,,,,100.0
1922,-1.9333139657974243,0.8299999833106995,135.0,1.360134243965149,0.0008886484429240227,9.999999747378752e-05,,,,100.0
1923,-1.9249149560928345,0.8399999737739563,135.0,1.4063870906829834,0.001276088529266417,9.999999747378752e-05,,,,100.0
1924,-1.924544334411621,0.8399999737739563,135.0,1.3733453750610352,0.0018749902956187725,9.999999747378752e-05,,,,100.0
1925,-1.9285023212432861,0.8399999737739563,135.0,1.4041118621826172,0.0010535120964050293,9.999999747378752e-05,,,,100.0
1926,-1.9339730739593506,0.8500000238418579,135.0,1.34837806224823,0.0009377520182169974,9.999999747378752e-05,,,,100.0
1927,-1.941491961479187,0.8500000238418579,135.0,1.3486809730529785,0.0012915929546579719,9.999999747378752e-05,,,,100.0
1928,-1.9473148584365845,0.8500000238418579,135.0,1.3526232242584229,0.0011374799069017172,9.999999747378752e-05,,,,100.0
1929,-1.9524543285369873,0.8299999833106995,135.0,1.346829891204834,0.0015617659082636237,9.999999747378752e-05,,,,100.0
1930,-1.9525518417358398,0.8100000023841858,135.0,1.350096583366394,0.0012924396432936192,9.999999747378752e-05,,,,100.0
1931,-1.9553353786468506,0.8100000023841858,135.0,1.3469973802566528,0.0010888244723901153,9.999999747378752e-05,,,,100.0
1932,-1.9534412622451782,0.8100000023841858,135.0,1.3661121129989624,0.0009907339699566364,9.999999747378752e-05,,,,100.0
1933,-1.9485065937042236,0.8100000023841858,135.0,1.3841378688812256,0.00090908317361027,9.999999747378752e-05,,,,100.0
1934,-1.950810432434082,0.8299999833106995,135.0,1.3759032487869263,0.0009944787016138434,9.999999747378752e-05,,,,100.0
1935,-1.9649544954299927,0.8399999737739563,135.0,1.3988972902297974,0.001090028788894415,9.999999747378752e-05,,,,100.0
1936,-1.9700325727462769,0.8399999737739563,135.0,1.3877451419830322,0.0015540184685960412,9.999999747378752e-05,,,,100.0
1937,-1.9734376668930054,0.8600000143051147,135.0,1.3909846544265747,0.0010909351985901594,9.999999747378752e-05,,,,100.0
1938,-1.9775606393814087,0.8600000143051147,135.0,1.3909521102905273,0.001437092781998217,9.999999747378752e-05,,,,100.0
1939,-1.973347544670105,0.8600000143051147,135.0,1.3689022064208984,0.0011354276211932302,9.999999747378752e-05,,,,100.0
1940,-1.974437952041626,0.8500000238418579,135.0,1.3833528757095337,0.0017672418616712093,9.999999747378752e-05,,,,100.0
1941,-1.9677636623382568,0.8600000143051147,135.0,1.3777902126312256,0.0013009420363232493,9.999999747378752e-05,,,,100.0
1942,-1.9632699489593506,0.8500000238418579,135.0,1.3768410682678223,0.002574189333245158,9.999999747378752e-05,,,,100.0
1943,-1.9459543228149414,0.8600000143051147,135.0,1.3653358221054077,0.0010768600041046739,9.999999747378752e-05,,,,100.0
1944,-1.9499024152755737,0.8600000143051147,135.0,1.3736082315444946,0.0012422968866303563,9.999999747378752e-05,,,,100.0
1945,-1.955851435661316,0.8600000143051147,135.0,1.376665472984314,0.0010231686756014824,9.999999747378752e-05,,,,100.0
1946,-1.953076720237732,0.8700000047683716,135.0,1.3698499202728271,0.0010995862539857626,9.999999747378752e-05,,,,100.0
1947,-1.9474246501922607,0.8899999856948853,135.0,1.362191915512085,0.0010939468629658222,9.999999747378752e-05,,,,100.0
1948,-1.9466255903244019,0.8899999856948853,135.0,1.3854451179504395,0.0011185857001692057,9.999999747378752e-05,,,,100.0
1949,-1.9465521574020386,0.8899999856948853,135.0,1.3605482578277588,0.0012581443879753351,9.999999747378752e-05,,,,100.0
1950,-1.9409611225128174,0.8899999856948853,135.0,1.354893445968628,0.0015256128972396255,9.999999747378752e-05,,,,100.0
1951,-1.9399898052215576,0.8799999952316284,135.0,1.3600529432296753,0.0015139883616939187,9.999999747378752e-05,,,,100.0
1952,-1.9392108917236328,0.8600000143051147,135.0,1.3625543117523193,0.001589102204889059,9.999999747378752e-05,,,,100.0
1953,-1.9312961101531982,0.8299999833106995,135.0,1.3641116619110107,0.0009692837484180927,9.999999747378752e-05,,,,100.0
1954,-1.934080719947815,0.8399999737739563,135.0,1.3934876918792725,0.0011387146078050137,9.999999747378752e-05,,,,100.0
1955,-1.9289203882217407,0.8500000238418579,135.0,1.3787574768066406,0.001490829512476921,9.999999747378752e-05,,,,100.0
1956,-1.9348106384277344,0.8500000238418579,135.0,1.3615000247955322,0.0016965536633506417,9.999999747378752e-05,,,,100.0
1957,-1.934360146522522,0.8399999737739563,135.0,1.3569507598876953,0.0012275775661692023,9.999999747378752e-05,,,,100.0
1958,-1.93829345703125,0.8100000023841858,135.0,1.3805038928985596,0.0012890397338196635,9.999999747378752e-05,,,,100.0
1959,-1.936530351638794,0.7900000214576721,135.0,1.3686848878860474,0.0014839619398117065,9.999999747378752e-05,,,,100.0
1960,-1.9408692121505737,0.7599999904632568,135.0,1.3552215099334717,0.0019515486201271415,9.999999747378752e-05,,,,100.0
1961,-1.9360185861587524,0.7599999904632568,135.0,1.3538506031036377,0.000848440162371844,9.999999747378752e-05,,,,100.0
1962,-1.9389350414276123,0.75,135.0,1.3475804328918457,0.0027534859254956245,9.999999747378752e-05,,,,100.0
1963,-1.9418385028839111,0.7300000190734863,135.0,1.3568990230560303,0.0010107330745086074,9.999999747378752e-05,,,,100.0
1964,-1.9450985193252563,0.7099999785423279,135.0,1.3375248908996582,0.0009547581430524588,9.999999747378752e-05,,,,100.0
1965,-1.9566453695297241,0.6800000071525574,135.0,1.3570808172225952,0.001076610409654677,9.999999747378752e-05,,,,100.0
1966,-1.9617488384246826,0.6499999761581421,135.0,1.3546041250228882,0.0012434080708771944,9.999999747378752e-05,,,,100.0
1967,-1.9748016595840454,0.6499999761581421,135.0,1.332461953163147,0.0020908555015921593,9.999999747378752e-05,,,,100.0
1968,-1.979665756225586,0.6499999761581421,135.0,1.3143619298934937,0.0007976843044161797,9.999999747378752e-05,,,,100.0
1969,-1.9890497922897339,0.6399999856948853,135.0,1.3456926345825195,0.001211862196214497,9.999999747378752e-05,,,,100.0
1970,-1.9916231632232666,0.6399999856948853,135.0,1.3371660709381104,0.0012079216539859772,9.999999747378752e-05,,,,100.0
1971,-2.0011415481567383,0.6200000047683716,135.0,1.3492201566696167,0.0011957387905567884,9.999999747378752e-05,,,,100.0
1972,-2.012098789215088,0.6000000238418579,135.0,1.3404996395111084,0.0014528234023600817,9.999999747378752e-05,,,,100.0
1973,-2.021110773086548,0.5699999928474426,135.0,1.3473540544509888,0.0012449114583432674,9.999999747378752e-05,,,,100.0
1974,-2.026334524154663,0.5699999928474426,135.0,1.3770896196365356,0.0010990299051627517,9.999999747378752e-05,,,,100.0
1975,-2.04148530960083,0.550000011920929,135.0,1.357397198677063,0.002648172667250037,9.999999747378752e-05,,,,100.0
1976,-2.0540547370910645,0.5400000214576721,135.0,1.3483998775482178,0.0010872113052755594,9.999999747378752e-05,,,,100.0
1977,-2.057790517807007,0.550000011920929,135.0,1.369011640548706,0.001196154742501676,9.999999747378752e-05,,,,100.0
1978,-2.0636119842529297,0.5699999928474426,135.0,1.3570541143417358,0.0012104667257517576,9.999999747378752e-05,,,,100.0
1979,-2.0568931102752686,0.5799999833106995,135.0,1.3606152534484863,0.001447213813662529,9.999999747378752e-05,,,,100.0
1980,-2.071936845779419,0.5799999833106995,135.0,1.3459100723266602,0.0012628959957510233,9.999999747378752e-05,,,,100.0
1981,-2.073899984359741,0.5699999928474426,135.0,1.3417166471481323,0.0009239205974154174,9.999999747378752e-05,,,,100.0
1982,-2.085160732269287,0.5600000023841858,135.0,1.3577548265457153,0.0015267005655914545,9.999999747378752e-05,,,,100.0
1983,-2.093181848526001,0.5899999737739563,135.0,1.3402481079101562,0.0013526318361982703,9.999999747378752e-05,,,,100.0
1984,-2.1055073738098145,0.6000000238418579,135.0,1.3355566263198853,0.0015854701632633805,9.999999747378752e-05,,,,100.0
1985,-2.1000890731811523,0.5899999737739563,135.0,1.3492015600204468,0.0009337857482023537,9.999999747378752e-05,,,,100.0
1986,-2.115067958831787,0.5699999928474426,135.0,1.3280953168869019,0.0014786053216084838,9.999999747378752e-05,,,,100.0
1987,-2.1137704849243164,0.5600000023841858,135.0,1.3172423839569092,0.0010196571238338947,9.999999747378752e-05,,,,100.0
1988,-2.1107420921325684,0.5600000023841858,135.0,1.3241328001022339,0.000830385135486722,9.999999747378752e-05,,,,100.0
1989,-2.112419843673706,0.5699999928474426,135.0,1.3402413129806519,0.0009770216420292854,9.999999747378752e-05,,,,100.0
1990,-2.1078224182128906,0.6100000143051147,135.0,1.3571226596832275,0.0013185696443542838,9.999999747378752e-05,,,,100.0
1991,-2.113571882247925,0.6499999761581421,135.0,1.3357863426208496,0.0008614162798039615,9.999999747378752e-05,,,,100.0
1992,-2.1081931591033936,0.6600000262260437,135.0,1.350888967514038,0.0010906324023380876,9.999999747378752e-05,,,,100.0
1993,-2.114591121673584,0.6600000262260437,135.0,1.3492431640625,0.0009300442179664969,9.999999747378752e-05,,,,100.0
1994,-2.1108217239379883,0.6600000262260437,135.0,1.335289478302002,0.0009234650060534477,9.999999747378752e-05,,,,100.0
1995,-2.110051393508911,0.6600000262260437,135.0,1.3372584581375122,0.0021267463453114033,9.999999747378752e-05,,,,100.0
1996,-2.103402853012085,0.6800000071525574,135.0,1.328360676765442,0.0013204595306888223,9.999999747378752e-05,,,,100.0
1997,-2.091893196105957,0.699999988079071,135.0,1.321493148803711,0.0008804561803117394,9.999999747378752e-05,,,,100.0
1998,-2.086529016494751,0.7300000190734863,135.0,1.3311651945114136,0.0010113762691617012,9.999999747378752e-05,,,,100.0
1999,-2.076193332672119,0.7099999785423279,135.0,1.3261455297470093,0.0017429506406188011,9.999999747378752e-05,,,,100.0
2000,-2.065448045730591,0.7099999785423279,135.0,1.3101489543914795,0.0012506380444392562,9.999999747378752e-05,,,,100.0
2001,-2.050194025039673,0.7200000286102295,135.0,1.3509135246276855,0.0009526091162115335,9.999999747378752e-05,,,,100.0
2002,-2.039494752883911,0.7300000190734863,135.0,1.3308898210525513,0.0019266234012320638,9.999999747378752e-05,,,,100.0
2003,-2.0306222438812256,0.7300000190734863,135.0,1.3244879245758057,0.0016403804766014218,9.999999747378752e-05,,,,100.0
2004,-2.0197901725769043,0.7300000190734863,135.0,1.3474948406219482,0.0011455604108050466,9.999999747378752e-05,,,,100.0
2005,-1.999951720237732,0.7400000095367432,135.0,1.317956805229187,0.0017500928370282054,9.999999747378752e-05,,,,100.0
2006,-1.9881854057312012,0.75,135.0,1.3190093040466309,0.0011678793234750628,9.999999747378752e-05,,,,100.0
2007,-1.9740761518478394,0.7699999809265137,135.0,1.3231520652770996,0.001058854628354311,9.999999747378752e-05,,,,100.0
2008,-1.9570043087005615,0.7599999904632568,135.0,1.3196293115615845,0.0009659579955041409,9.999999747378752e-05,,,,100.0
2009,-1.9429266452789307,0.7699999809265137,135.0,1.3220367431640625,0.0010619696695357561,9.999999747378752e-05,,,,100.0
2010,-1.9315141439437866,0.800000011920929,135.0,1.3059134483337402,0.0009689179132692516,9.999999747378752e-05,,,,100.0
2011,-1.9169633388519287,0.8199999928474426,135.0,1.3184638023376465,0.0011573204537853599,9.999999747378752e-05,,,,100.0
2012,-1.9128837585449219,0.8399999737739563,135.0,1.3186701536178589,0.0009628627449274063,9.999999747378752e-05,,,,100.0
2013,-1.908047080039978,0.8600000143051147,135.0,1.3431037664413452,0.001088324235752225,9.999999747378752e-05,,,,100.0
2014,-1.9043303728103638,0.8799999952316284,135.0,1.3373042345046997,0.0014352011494338512,9.999999747378752e-05,,,,100.0
2015,-1.8952990770339966,0.8799999952316284,135.0,1.3315093517303467,0.001076585496775806,9.999999747378752e-05,,,,100.0
2016,-1.8933531045913696,0.8799999952316284,135.0,1.321791648864746,0.001670936355367303,9.999999747378752e-05,,,,100.0
2017,-1.894474983215332,0.8600000143051147,135.0,1.3212742805480957,0.0008310343255288899,9.999999747378752e-05,,,,100.0
2018,-1.8945432901382446,0.8500000238418579,135.0,1.3157281875610352,0.0011440649395808578,9.999999747378752e-05,,,,100.0
2019,-1.8997114896774292,0.8500000238418579,135.0,1.3246724605560303,0.0009962287731468678,9.999999747378752e-05,,,,100.0
2020,-1.900563359260559,0.8600000143051147,135.0,1.2991039752960205,0.0009717190405353904,9.999999747378752e-05,,,,100.0
2021,-1.9076416492462158,0.8500000238418579,135.0,1.3211361169815063,0.0022399257868528366,9.999999747378752e-05,,,,100.0
2022,-1.9128553867340088,0.8500000238418579,135.0,1.3078123331069946,0.0010230912594124675,9.999999747378752e-05,,,,100.0
2023,-1.9147603511810303,0.8299999833106995,135.0,1.336765170097351,0.0011984066804870963,9.999999747378752e-05,,,,100.0
2024,-1.918958067893982,0.8399999737739563,135.0,1.3335264921188354,0.0015561042819172144,9.999999747378752e-05,,,,100.0
2025,-1.9171963930130005,0.8500000238418579,135.0,1.3401095867156982,0.001393708516843617,9.999999747378752e-05,,,,100.0
2026,-1.9191771745681763,0.8500000238418579,135.0,1.3296386003494263,0.0009270104928873479,9.999999747378752e-05,,,,100.0
2027,-1.9260597229003906,0.8399999737739563,135.0,1.3353822231292725,0.0009351847693324089,9.999999747378752e-05,,,,100.0
2028,-1.929556965827942,0.8500000238418579,135.0,1.298977017402649,0.0010086322436109185,9.999999747378752e-05,,,,100.0
2029,-1.9359270334243774,0.8600000143051147,135.0,1.3373334407806396,0.001433603698387742,9.999999747378752e-05,,,,100.0
2030,-1.9535202980041504,0.8500000238418579,135.0,1.344711184501648,0.0014721230836585164,9.999999747378752e-05,,,,100.0
2031,-1.955951452255249,0.8500000238418579,135.0,1.345765233039856,0.0012143688509240746,9.999999747378752e-05,,,,100.0
2032,-1.9695186614990234,0.8500000238418579,135.0,1.3328182697296143,0.0022737430408596992,9.999999747378752e-05,,,,100.0
2033,-1.9825252294540405,0.8600000143051147,135.0,1.3230019807815552,0.0014284010976552963,9.999999747378752e-05,,,,100.0
2034,-1.9772789478302002,0.8600000143051147,135.0,1.3365172147750854,0.0008710972033441067,9.999999747378752e-05,,,,100.0
2035,-1.9694032669067383,0.8700000047683716,135.0,1.3263393640518188,0.0008293099235743284,9.999999747378752e-05,,,,100.0
2036,-1.963270902633667,0.8700000047683716,135.0,1.3234933614730835,0.0010698748519644141,9.999999747378752e-05,,,,100.0
2037,-1.963438630104065,0.8700000047683716,135.0,1.3083511590957642,0.0009671126608736813,9.999999747378752e-05,,,,100.0
2038,-1.9637765884399414,0.8700000047683716,135.0,1.3529006242752075,0.001075946493074298,9.999999747378752e-05,,,,100.0
2039,-1.9539483785629272,0.8700000047683716,135.0,1.3178250789642334,0.0010103234089910984,9.999999747378752e-05,,,,100.0
2040,-1.946187973022461,0.8700000047683716,135.0,1.3269284963607788,0.003452017903327942,9.999999747378752e-05,,,,100.0
2041,-1.9289944171905518,0.8700000047683716,135.0,1.3224985599517822,0.0010420570615679026,9.999999747378752e-05,,,,100.0
2042,-1.9243978261947632,0.8899999856948853,135.0,1.3153547048568726,0.0010881576454266906,9.999999747378752e-05,,,,100.0
2043,-1.9212027788162231,0.8799999952316284,135.0,1.3264899253845215,0.0009458200656808913,9.999999747378752e-05,,,,100.0
2044,-1.915562391281128,0.8899999856948853,135.0,1.3293598890304565,0.0008171848021447659,9.999999747378752e-05,,,,100.0
2045,-1.919614315032959,0.8899999856948853,135.0,1.3109523057937622,0.0012047614436596632,9.999999747378752e-05,,,,100.0
2046,-1.9204964637756348,0.8999999761581421,135.0,1.3058218955993652,0.001459978288039565,9.999999747378752e-05,,,,100.0
2047,-1.915556788444519,0.8999999761581421,135.0,1.3168326616287231,0.002345289336517453,9.999999747378752e-05,,,,100.0
2048,-1.919812560081482,0.9100000262260437,135.0,1.3183133602142334,0.0013282151194289327,9.999999747378752e-05,,,,100.0
2049,-1.917018175125122,0.9200000166893005,135.0,1.29721200466156,0.0007855575531721115,9.999999747378752e-05,,,,100.0
2050,-1.9120315313339233,0.9300000071525574,135.0,1.2965728044509888,0.0011265153298154473,9.999999747378752e-05,,,,100.0
2051,-1.9102940559387207,0.9399999976158142,135.0,1.3288475275039673,0.0012173563009127975,9.999999747378752e-05,,,,100.0
2052,-1.9065399169921875,0.949999988079071,135.0,1.3087290525436401,0.0011672015534713864,9.999999747378752e-05,,,,100.0
2053,-1.901086688041687,0.9399999976158142,135.0,1.3154314756393433,0.000930864131078124,9.999999747378752e-05,,,,100.0
2054,-1.8933701515197754,0.9399999976158142,135.0,1.3222206830978394,0.0010660981060937047,9.999999747378752e-05,,,,100.0
2055,-1.885045051574707,0.949999988079071,135.0,1.3243063688278198,0.0014931457117199898,9.999999747378752e-05,,,,100.0
2056,-1.8822627067565918,0.949999988079071,135.0,1.3498454093933105,0.001137169892899692,9.999999747378752e-05,,,,100.0
2057,-1.8733505010604858,0.949999988079071,135.0,1.3347023725509644,0.0009986442746594548,9.999999747378752e-05,,,,100.0
2058,-1.8665332794189453,0.949999988079071,135.0,1.328226923942566,0.0011455267667770386,9.999999747378752e-05,,,,100.0
2059,-1.8727835416793823,0.949999988079071,135.0,1.3516346216201782,0.0009817044483497739,9.999999747378752e-05,,,,100.0
2060,-1.8850005865097046,0.949999988079071,135.0,1.3367029428482056,0.002003810368478298,9.999999747378752e-05,,,,100.0
2061,-1.8862643241882324,0.9599999785423279,135.0,1.3297955989837646,0.0008635827107354999,9.999999747378752e-05,,,,100.0
2062,-1.8823397159576416,0.9599999785423279,135.0,1.326869010925293,0.0010049405973404646,9.999999747378752e-05,,,,100.0
2063,-1.8843519687652588,0.9599999785423279,135.0,1.3220800161361694,0.001031366758979857,9.999999747378752e-05,,,,100.0
2064,-1.890332818031311,0.9599999785423279,135.0,1.3317657709121704,0.0015939862933009863,9.999999747378752e-05,,,,100.0
2065,-1.8993641138076782,0.9599999785423279,135.0,1.3121737241744995,0.0008597936248406768,9.999999747378752e-05,,,,100.0
2066,-1.9050276279449463,0.9599999785423279,135.0,1.3023746013641357,0.0011636201525107026,9.999999747378752e-05,,,,100.0
2067,-1.8999186754226685,0.9599999785423279,135.0,1.315449595451355,0.0010628378950059414,9.999999747378752e-05,,,,100.0
2068,-1.8964813947677612,0.9800000190734863,135.0,1.3365381956100464,0.0011151732178404927,9.999999747378752e-05,,,,100.0
2069,-1.9003524780273438,0.9800000190734863,135.0,1.3383668661117554,0.001004431047476828,9.999999747378752e-05,,,,100.0
2070,-1.8890092372894287,0.9800000190734863,135.0,1.3208835124969482,0.0011377108749002218,9.999999747378752e-05,,,,100.0
2071,-1.8873931169509888,0.9800000190734863,135.0,1.3369778394699097,0.004573517479002476,9.999999747378752e-05,,,,100.0
2072,-1.8906532526016235,0.9800000190734863,135.0,1.3122137784957886,0.0009839952690526843,9.999999747378752e-05,,,,100.0
2073,-1.878564715385437,0.9700000286102295,135.0,1.322971224784851,0.0010365946218371391,9.999999747378752e-05,,,,100.0
2074,-1.8777086734771729,0.9399999976158142,135.0,1.3007419109344482,0.0012083689216524363,9.999999747378752e-05,,,,100.0
2075,-1.8808177709579468,0.9300000071525574,135.0,1.3209478855133057,0.0008614229736849666,9.999999747378752e-05,,,,100.0
2076,-1.8782446384429932,0.9200000166893005,135.0,1.2980914115905762,0.0012734240153804421,9.999999747378752e-05,,,,100.0
2077,-1.8848016262054443,0.9200000166893005,135.0,1.3302053213119507,0.003016937989741564,9.999999747378752e-05,,,,100.0
2078,-1.8986469507217407,0.9200000166893005,135.0,1.3045001029968262,0.0013173860497772694,9.999999747378752e-05,,,,100.0
2079,-1.898634910583496,0.9100000262260437,135.0,1.3323991298675537,0.0008818162023089826,9.999999747378752e-05,,,,100.0
2080,-1.8901134729385376,0.9100000262260437,135.0,1.3011929988861084,0.0013746590120717883,9.999999747378752e-05,,,,100.0
2081,-1.884124755859375,0.9100000262260437,135.0,1.2987662553787231,0.0010091529693454504,9.999999747378752e-05,,,,100.0
2082,-1.8762320280075073,0.9100000262260437,135.0,1.318781852722168,0.0009689056314527988,9.999999747378752e-05,,,,100.0
2083,-1.871147871017456,0.9100000262260437,135.0,1.301300287246704,0.000928127090446651,9.999999747378752e-05,,,,100.0
2084,-1.8643043041229248,0.9100000262260437,135.0,1.2966309785842896,0.0023366271052509546,9.999999747378752e-05,,,,100.0
2085,-1.8542319536209106,0.9100000262260437,135.0,1.300939917564392,0.0010096231708303094,9.999999747378752e-05,,,,100.0
2086,-1.8527549505233765,0.9100000262260437,135.0,1.3015503883361816,0.0013026969972997904,9.999999747378752e-05,,,,100.0
2087,-1.8552913665771484,0.9100000262260437,135.0,1.2774702310562134,0.0010230948682874441,9.999999747378752e-05,,,,100.0
2088,-1.8456287384033203,0.9100000262260437,135.0,1.3309600353240967,0.0011456402717158198,9.999999747378752e-05,,,,100.0
2089,-1.8430724143981934,0.9100000262260437,135.0,1.2968188524246216,0.001415933482348919,9.999999747378752e-05,,,,100.0
2090,-1.8333849906921387,0.9100000262260437,135.0,1.3033674955368042,0.0014286063378676772,9.999999747378752e-05,,,,100.0
2091,-1.8241499662399292,0.9100000262260437,135.0,1.274057388305664,0.001403568428941071,9.999999747378752e-05,,,,100.0
2092,-1.829828143119812,0.9100000262260437,135.0,1.2904022932052612,0.0009987270459532738,9.999999747378752e-05,,,,100.0
2093,-1.8318331241607666,0.9100000262260437,135.0,1.2783656120300293,0.0015554099809378386,9.999999747378752e-05,,,,100.0
2094,-1.8265972137451172,0.9100000262260437,135.0,1.2659282684326172,0.0011532658245414495,9.999999747378752e-05,,,,100.0
2095,-1.8219873905181885,0.9100000262260437,135.0,1.2825769186019897,0.0009551381226629019,9.999999747378752e-05,,,,100.0
2096,-1.8082377910614014,0.9100000262260437,135.0,1.289819598197937,0.0009818354155868292,9.999999747378752e-05,,,,100.0
2097,-1.796378254890442,0.9100000262260437,135.0,1.2974799871444702,0.0017035789787769318,9.999999747378752e-05,,,,100.0
2098,-1.79198157787323,0.9300000071525574,135.0,1.2903183698654175,0.0008944577421061695,9.999999747378752e-05,,,,100.0
2099,-1.7817987203598022,0.9599999785423279,135.0,1.2748526334762573,0.0009560584439896047,9.999999747378752e-05,,,,100.0
2100,-1.7688512802124023,0.9700000286102295,135.0,1.2741082906723022,0.0012454156531021,9.999999747378752e-05,,,,100.0
2101,-1.7628260850906372,0.9800000190734863,135.0,1.3100318908691406,0.0009462085436098278,9.999999747378752e-05,,,,100.0
2102,-1.7467252016067505,0.9800000190734863,135.0,1.2981380224227905,0.0011781295761466026,9.999999747378752e-05,,,,100.0
2103,-1.7306691408157349,0.9900000095367432,135.0,1.272153377532959,0.004096305463463068,9.999999747378752e-05,,,,100.0
2104,-1.7275487184524536,1.0,135.0,1.2824190855026245,0.0009326549479737878,9.999999747378752e-05,,,,100.0
2105,-1.7288874387741089,1.0,135.0,1.2867794036865234,0.000974193389993161,9.999999747378752e-05,,,,100.0
2106,-1.7256675958633423,1.0,135.0,1.2936533689498901,0.0009930303785949945,9.999999747378752e-05,,,,100.0
2107,-1.7192747592926025,1.0,135.0,1.28659987449646,0.001337092136964202,9.999999747378752e-05,,,,100.0
2108,-1.7108670473098755,1.0,135.0,1.2585159540176392,0.0013117871712893248,9.999999747378752e-05,,,,100.0
2109,-1.7123712301254272,1.0,135.0,1.2902615070343018,0.0011839056387543678,9.999999747378752e-05,,,,100.0
2110,-1.7150214910507202,1.0,135.0,1.288097858428955,0.0010850606486201286,9.999999747378752e-05,,,,100.0
2111,-1.7319130897521973,1.0,135.0,1.2545952796936035,0.002416029339656234,9.999999747378752e-05,,,,100.0
2112,-1.7230780124664307,1.0,135.0,1.2680470943450928,0.0010888139950111508,9.999999747378752e-05,,,,100.0
2113,-1.7175441980361938,1.0,135.0,1.259347677230835,0.0008101736311800778,9.999999747378752e-05,,,,100.0
2114,-1.7135146856307983,1.0,135.0,1.2849845886230469,0.0015799581306055188,9.999999747378752e-05,,,,100.0
2115,-1.713165044784546,0.9900000095367432,135.0,1.2684416770935059,0.0014507664600387216,9.999999747378752e-05,,,,100.0
2116,-1.7136940956115723,0.9900000095367432,135.0,1.2780399322509766,0.0010187248699367046,9.999999747378752e-05,,,,100.0
2117,-1.700887680053711,0.9900000095367432,135.0,1.2607762813568115,0.0010603859554976225,9.999999747378752e-05,,,,100.0
2118,-1.6906993389129639,0.9900000095367432,135.0,1.2826793193817139,0.0011665006168186665,9.999999747378752e-05,,,,100.0
2119,-1.6820415258407593,0.9900000095367432,135.0,1.2595900297164917,0.0008874221821315587,9.999999747378752e-05,,,,100.0
2120,-1.680802822113037,0.9900000095367432,135.0,1.2670085430145264,0.0012547258520498872,9.999999747378752e-05,,,,100.0
2121,-1.686229944229126,0.9800000190734863,135.0,1.2539502382278442,0.0008664229535497725,9.999999747378752e-05,,,,100.0
2122,-1.6913098096847534,0.9800000190734863,135.0,1.2652474641799927,0.0010469896951690316,9.999999747378752e-05,,,,100.0
2123,-1.692072868347168,0.9700000286102295,135.0,1.2602325677871704,0.0009827653411775827,9.999999747378752e-05,,,,100.0
2124,-1.6914985179901123,0.9599999785423279,135.0,1.257262110710144,0.0012555165449157357,9.999999747378752e-05,,,,100.0
2125,-1.7035572528839111,0.9599999785423279,135.0,1.268775463104248,0.002604643814265728,9.999999747378752e-05,,,,100.0
2126,-1.704491138458252,0.9599999785423279,135.0,1.273134708404541,0.0023714362177997828,9.999999747378752e-05,,,,100.0
2127,-1.7117445468902588,0.9599999785423279,135.0,1.2858637571334839,0.0010135831544175744,9.999999747378752e-05,,,,100.0
2128,-1.7092663049697876,0.949999988079071,135.0,1.2777007818222046,0.001060596900060773,9.999999747378752e-05,,,,100.0
2129,-1.7090553045272827,0.949999988079071,135.0,1.2549458742141724,0.0013779402943328023,9.999999747378752e-05,,,,100.0
2130,-1.7027642726898193,0.949999988079071,135.0,1.2583250999450684,0.0011524488218128681,9.999999747378752e-05,,,,100.0
2131,-1.710457444190979,0.949999988079071,135.0,1.251657485961914,0.0010515244212001562,9.999999747378752e-05,,,,100.0
2132,-1.7202383279800415,0.9300000071525574,135.0,1.2734770774841309,0.0013738381676375866,9.999999747378752e-05,,,,100.0
2133,-1.725347638130188,0.9300000071525574,135.0,1.2475539445877075,0.0017105877632275224,9.999999747378752e-05,,,,100.0
2134,-1.7174105644226074,0.9300000071525574,135.0,1.2539867162704468,0.0008872143807820976,9.999999747378752e-05,,,,100.0
2135,-1.7110995054244995,0.9300000071525574,135.0,1.2188658714294434,0.0018322983523830771,9.999999747378752e-05,,,,100.0
2136,-1.6885169744491577,0.9300000071525574,135.0,1.2530564069747925,0.001040377072058618,9.999999747378752e-05,,,,100.0
2137,-1.6915969848632812,0.9300000071525574,135.0,1.2529375553131104,0.001416636980138719,9.999999747378752e-05,,,,100.0
2138,-1.7013139724731445,0.9300000071525574,135.0,1.2502793073654175,0.0010178759694099426,9.999999747378752e-05,,,,100.0
2139,-1.6975808143615723,0.9300000071525574,135.0,1.2829362154006958,0.0012891946826130152,9.999999747378752e-05,,,,100.0
2140,-1.7026245594024658,0.9399999976158142,135.0,1.2487860918045044,0.0014082861598581076,9.999999747378752e-05,,,,100.0
2141,-1.7087433338165283,0.9399999976158142,135.0,1.2578446865081787,0.0019212474580854177,9.999999747378752e-05,,,,100.0
2142,-1.7253270149230957,0.9399999976158142,135.0,1.243278980255127,0.0015096309361979365,9.999999747378752e-05,,,,100.0
2143,-1.7267467975616455,0.9399999976158142,135.0,1.2819181680679321,0.0017348350957036018,9.999999747378752e-05,,,,100.0
2144,-1.7354300022125244,0.9399999976158142,135.0,1.2382787466049194,0.0009419143898412585,9.999999747378752e-05,,,,100.0
2145,-1.73452627658844,0.9399999976158142,135.0,1.2657629251480103,0.0009834538213908672,9.999999747378752e-05,,,,100.0
2146,-1.7326046228408813,0.949999988079071,135.0,1.2349116802215576,0.001236681709997356,9.999999747378752e-05,,,,100.0
2147,-1.7397247552871704,0.9300000071525574,135.0,1.2655116319656372,0.0012073712423443794,9.999999747378752e-05,,,,100.0
2148,-1.7466217279434204,0.9200000166893005,135.0,1.259766697883606,0.0015510813100263476,9.999999747378752e-05,,,,100.0
2149,-1.754135251045227,0.9300000071525574,135.0,1.2475926876068115,0.0012314055347815156,9.999999747378752e-05,,,,100.0
2150,-1.752943992614746,0.9300000071525574,135.0,1.2385226488113403,0.0011605166364461184,9.999999747378752e-05,,,,100.0
2151,-1.748274564743042,0.9300000071525574,135.0,1.2561085224151611,0.001025175442919135,9.999999747378752e-05,,,,100.0
2152,-1.7397576570510864,0.9200000166893005,135.0,1.2452974319458008,0.0016969827702268958,9.999999747378752e-05,,,,100.0
2153,-1.7442219257354736,0.9300000071525574,135.0,1.2245781421661377,0.0009625166421756148,9.999999747378752e-05,,,,100.0
2154,-1.7426762580871582,0.9300000071525574,135.0,1.2434883117675781,0.0010839734459295869,9.999999747378752e-05,,,,100.0
2155,-1.744968295097351,0.9300000071525574,135.0,1.2185202836990356,0.0011045405408367515,9.999999747378752e-05,,,,100.0
2156,-1.739228367805481,0.9300000071525574,135.0,1.2372130155563354,0.0009970773244276643,9.999999747378752e-05,,,,100.0
2157,-1.7419601678848267,0.949999988079071,135.0,1.2437077760696411,0.0017729098908603191,9.999999747378752e-05,,,,100.0
2158,-1.7536952495574951,0.949999988079071,135.0,1.2318283319473267,0.002108985558152199,9.999999747378752e-05,,,,100.0
2159,-1.7593539953231812,0.9399999976158142,135.0,1.2527294158935547,0.0017073582857847214,9.999999747378752e-05,,,,100.0
2160,-1.7617623805999756,0.9399999976158142,135.0,1.2477341890335083,0.001220507314428687,9.999999747378752e-05,,,,100.0
2161,-1.7615549564361572,0.9399999976158142,135.0,1.2485206127166748,0.0011336830211803317,9.999999747378752e-05,,,,100.0
2162,-1.7530221939086914,0.9399999976158142,135.0,1.2560441493988037,0.0008411472081206739,9.999999747378752e-05,,,,100.0
2163,-1.74647855758667,0.9399999976158142,135.0,1.2433096170425415,0.0020684837363660336,9.999999747378752e-05,,,,100.0
2164,-1.7495673894882202,0.9399999976158142,135.0,1.2191025018692017,0.001987417694181204,9.999999747378752e-05,,,,100.0
2165,-1.744652271270752,0.9399999976158142,135.0,1.2300372123718262,0.0020181965082883835,9.999999747378752e-05,,,,100.0
2166,-1.7360528707504272,0.9399999976158142,135.0,1.2288058996200562,0.0008239736780524254,9.999999747378752e-05,,,,100.0
2167,-1.7167607545852661,0.9399999976158142,135.0,1.2400009632110596,0.0037669811863452196,9.999999747378752e-05,,,,100.0
2168,-1.71477472782135,0.9399999976158142,135.0,1.237283706665039,0.001432836870662868,9.999999747378752e-05,,,,100.0
2169,-1.7090920209884644,0.9399999976158142,135.0,1.231502652168274,0.002308151451870799,9.999999747378752e-05,,,,100.0
2170,-1.715182900428772,0.9399999976158142,135.0,1.2352774143218994,0.0009147333330474794,9.999999747378752e-05,,,,100.0
2171,-1.7160700559616089,0.9399999976158142,135.0,1.2365484237670898,0.002030027564615011,9.999999747378752e-05,,,,100.0
2172,-1.7052935361862183,0.9599999785423279,135.0,1.2346482276916504,0.0010748286731541157,9.999999747378752e-05,,,,100.0
2173,-1.6938769817352295,0.9800000190734863,135.0,1.2292431592941284,0.0016977809136733413,9.999999747378752e-05,,,,100.0
2174,-1.6894491910934448,0.9800000190734863,135.0,1.2503012418746948,0.0014563751174136996,9.999999747378752e-05,,,,100.0
2175,-1.6753606796264648,0.9800000190734863,135.0,1.2253507375717163,0.0009847061010077596,9.999999747378752e-05,,,,100.0
2176,-1.6821892261505127,0.9700000286102295,135.0,1.259053111076355,0.0015286748530343175,9.999999747378752e-05,,,,100.0
2177,-1.6848704814910889,0.9700000286102295,135.0,1.2431589365005493,0.001253863563761115,9.999999747378752e-05,,,,100.0
2178,-1.6786669492721558,0.9599999785423279,135.0,1.2288464307785034,0.0009516510763205588,9.999999747378752e-05,,,,100.0
2179,-1.6777536869049072,0.949999988079071,135.0,1.2260292768478394,0.001205091248266399,9.999999747378752e-05,,,,100.0
2180,-1.6761746406555176,0.949999988079071,135.0,1.2171629667282104,0.0016665300354361534,9.999999747378752e-05,,,,100.0
2181,-1.6720918416976929,0.949999988079071,135.0,1.2314742803573608,0.001201125094667077,9.999999747378752e-05,,,,100.0
2182,-1.661954641342163,0.949999988079071,135.0,1.22176992893219,0.0011249494273215532,9.999999747378752e-05,,,,100.0
2183,-1.645544409751892,0.949999988079071,135.0,1.1936777830123901,0.0008020292734727263,9.999999747378752e-05,,,,100.0
2184,-1.6369023323059082,0.9599999785423279,135.0,1.198109745979309,0.0009347980958409607,9.999999747378752e-05,,,,100.0
2185,-1.6380844116210938,0.9599999785423279,135.0,1.2068120241165161,0.0018612646963447332,9.999999747378752e-05,,,,100.0
2186,-1.6396377086639404,0.9599999785423279,135.0,1.1989822387695312,0.00133985816501081,9.999999747378752e-05,,,,100.0
2187,-1.6440925598144531,0.9599999785423279,135.0,1.2295113801956177,0.0014494502684101462,9.999999747378752e-05,,,,100.0
2188,-1.6420087814331055,0.9599999785423279,135.0,1.2281426191329956,0.0009375858353450894,9.999999747378752e-05,,,,100.0
2189,-1.6473194360733032,0.949999988079071,135.0,1.207306981086731,0.0017800650093704462,9.999999747378752e-05,,,,100.0
2190,-1.6518754959106445,0.949999988079071,135.0,1.2089678049087524,0.0012233044253662229,9.999999747378752e-05,,,,100.0
2191,-1.6550936698913574,0.949999988079071,135.0,1.214726209640503,0.0013722839066758752,9.999999747378752e-05,,,,100.0
2192,-1.6596661806106567,0.949999988079071,135.0,1.2103493213653564,0.001054443884640932,9.999999747378752e-05,,,,100.0
2193,-1.6615434885025024,0.949999988079071,135.0,1.2410588264465332,0.006142921280115843,9.999999747378752e-05,,,,100.0
2194,-1.6519092321395874,0.9399999976158142,135.0,1.2222874164581299,0.0009522291948087513,9.999999747378752e-05,,,,100.0
2195,-1.6422053575515747,0.9399999976158142,135.0,1.1978957653045654,0.001133581274189055,9.999999747378752e-05,,,,100.0
2196,-1.6380829811096191,0.9399999976158142,135.0,1.2125235795974731,0.0010886507807299495,9.999999747378752e-05,,,,100.0
2197,-1.6335186958312988,0.9399999976158142,135.0,1.1951687335968018,0.001298171584494412,9.999999747378752e-05,,,,100.0
2198,-1.630631685256958,0.9399999976158142,135.0,1.2120147943496704,0.001748003182001412,9.999999747378752e-05,,,,100.0
2199,-1.6239653825759888,0.9399999976158142,135.0,1.2322816848754883,0.0011500695254653692,9.999999747378752e-05,,,,100.0
2200,-1.6286677122116089,0.9399999976158142,135.0,1.2263805866241455,0.0012874952517449856,9.999999747378752e-05,,,,100.0
2201,-1.6279296875,0.949999988079071,135.0,1.2226650714874268,0.0008792899898253381,9.999999747378752e-05,,,,100.0
2202,-1.626107096672058,0.9599999785423279,135.0,1.2147603034973145,0.0009898499120026827,9.999999747378752e-05,,,,100.0
2203,-1.628092885017395,0.9700000286102295,135.0,1.2259376049041748,0.0011412459425628185,9.999999747378752e-05,,,,100.0
2204,-1.6275180578231812,0.9800000190734863,135.0,1.2357395887374878,0.0009496395941823721,9.999999747378752e-05,,,,100.0
2205,-1.6199333667755127,0.9800000190734863,135.0,1.2026234865188599,0.000943206949159503,9.999999747378752e-05,,,,100.0
2206,-1.6341707706451416,0.9700000286102295,135.0,1.2324594259262085,0.006744491867721081,9.999999747378752e-05,,,,100.0
2207,-1.6346286535263062,0.9599999785423279,135.0,1.1965034008026123,0.0015028828056529164,9.999999747378752e-05,,,,100.0
2208,-1.6385589838027954,0.9599999785423279,135.0,1.2034626007080078,0.0009545249631628394,9.999999747378752e-05,,,,100.0
2209,-1.6409566402435303,0.9599999785423279,135.0,1.194716215133667,0.0011489930329844356,9.999999747378752e-05,,,,100.0
2210,-1.6392018795013428,0.9599999785423279,135.0,1.1878056526184082,0.0009861784055829048,9.999999747378752e-05,,,,100.0
2211,-1.6406430006027222,0.9599999785423279,135.0,1.1863393783569336,0.0015161490300670266,9.999999747378752e-05,,,,100.0
2212,-1.650208830833435,0.9599999785423279,135.0,1.1956725120544434,0.0015669353306293488,9.999999747378752e-05,,,,100.0
2213,-1.6462889909744263,0.9599999785423279,135.0,1.1870958805084229,0.0009717485518194735,9.999999747378752e-05,,,,100.0
2214,-1.6368008852005005,0.9700000286102295,135.0,1.186345100402832,0.0011271919356659055,9.999999747378752e-05,,,,100.0
2215,-1.6277756690979004,0.9700000286102295,135.0,1.2082300186157227,0.001107801217585802,9.999999747378752e-05,,,,100.0
2216,-1.6232600212097168,0.9700000286102295,135.0,1.2030248641967773,0.0012065386399626732,9.999999747378752e-05,,,,100.0
2217,-1.616391658782959,0.9700000286102295,135.0,1.2236663103103638,0.0012045627227053046,9.999999747378752e-05,,,,100.0
2218,-1.6100581884384155,0.9700000286102295,135.0,1.204908013343811,0.0020669775549322367,9.999999747378752e-05,,,,100.0
2219,-1.6094647645950317,0.9800000190734863,135.0,1.2061415910720825,0.0011001141974702477,9.999999747378752e-05,,,,100.0
2220,-1.6089141368865967,0.9800000190734863,135.0,1.2154816389083862,0.001084301620721817,9.999999747378752e-05,,,,100.0
2221,-1.5968784093856812,0.9800000190734863,135.0,1.2071073055267334,0.0012428187765181065,9.999999747378752e-05,,,,100.0
2222,-1.5947210788726807,0.9800000190734863,135.0,1.1743099689483643,0.0010175746865570545,9.999999747378752e-05,,,,100.0
2223,-1.5945885181427002,0.9800000190734863,135.0,1.204749584197998,0.0008190847584046423,9.999999747378752e-05,,,,100.0
2224,-1.6113158464431763,0.9800000190734863,135.0,1.1784679889678955,0.001322512747719884,9.999999747378752e-05,,,,100.0
2225,-1.6139979362487793,0.9800000190734863,135.0,1.2012205123901367,0.0013151834718883038,9.999999747378752e-05,,,,100.0
2226,-1.6089651584625244,0.9800000190734863,135.0,1.1764624118804932,0.0008736706804484129,9.999999747378752e-05,,,,100.0
2227,-1.6153478622436523,0.9800000190734863,135.0,1.2100821733474731,0.0020274650305509567,9.999999747378752e-05,,,,100.0
2228,-1.6107673645019531,0.9800000190734863,135.0,1.188969612121582,0.0009131976403295994,9.999999747378752e-05,,,,100.0
2229,-1.6160060167312622,0.9800000190734863,135.0,1.2068779468536377,0.0011743485229089856,9.999999747378752e-05,,,,100.0
2230,-1.6244646310806274,0.9800000190734863,135.0,1.1920801401138306,0.0008254111744463444,9.999999747378752e-05,,,,100.0
2231,-1.6176930665969849,0.9900000095367432,135.0,1.1967450380325317,0.0010466516250744462,9.999999747378752e-05,,,,100.0
2232,-1.6325981616973877,1.0,135.0,1.1788926124572754,0.003984194248914719,9.999999747378752e-05,,,,100.0
2233,-1.637787103652954,1.0,135.0,1.182085633277893,0.0010182511759921908,9.999999747378752e-05,,,,100.0
2234,-1.642458200454712,1.0,135.0,1.184943437576294,0.0009287013090215623,9.999999747378752e-05,,,,100.0
2235,-1.6413980722427368,1.0,135.0,1.2149490118026733,0.0010151332244277,9.999999747378752e-05,,,,100.0
2236,-1.6369438171386719,1.0,135.0,1.191500186920166,0.0013476468157023191,9.999999747378752e-05,,,,100.0
2237,-1.6283365488052368,1.0,135.0,1.1905107498168945,0.0012932526879012585,9.999999747378752e-05,,,,100.0
2238,-1.6410998106002808,1.0,135.0,1.1615674495697021,0.000923383457120508,9.999999747378752e-05,,,,100.0
2239,-1.644559621810913,1.0,135.0,1.1772221326828003,0.00143338181078434,9.999999747378752e-05,,,,100.0
2240,-1.6546353101730347,1.0,135.0,1.1819239854812622,0.001767182257026434,9.999999747378752e-05,,,,100.0
2241,-1.661972999572754,1.0,135.0,1.1772562265396118,0.0012661701766774058,9.999999747378752e-05,,,,100.0
2242,-1.6676045656204224,1.0,135.0,1.1777701377868652,0.0012192249996587634,9.999999747378752e-05,,,,100.0
2243,-1.6791883707046509,1.0,135.0,1.1683874130249023,0.001021181931719184,9.999999747378752e-05,,,,100.0
2244,-1.697918176651001,1.0,135.0,1.1670340299606323,0.001409811433404684,9.999999747378752e-05,,,,100.0
2245,-1.7076737880706787,1.0,135.0,1.1916486024856567,0.0013775969855487347,9.999999747378752e-05,,,,100.0
2246,-1.719740390777588,1.0,135.0,1.1637741327285767,0.0012624883092939854,9.999999747378752e-05,,,,100.0
2247,-1.7286152839660645,1.0,135.0,1.196032166481018,0.0008476061630062759,9.999999747378752e-05,,,,100.0
2248,-1.7369310855865479,1.0,135.0,1.174211025238037,0.0009305367711931467,9.999999747378752e-05,,,,100.0
2249,-1.7310261726379395,1.0,135.0,1.1564674377441406,0.0009828980546444654,9.999999747378752e-05,,,,100.0
2250,-1.7334145307540894,1.0,135.0,1.1757137775421143,0.0012034091632813215,9.999999747378752e-05,,,,100.0
2251,-1.748349666595459,0.9700000286102295,135.0,1.1719636917114258,0.0016995526384562254,9.999999747378752e-05,,,,100.0
2252,-1.747281789779663,0.9599999785423279,135.0,1.151492714881897,0.0009700532536953688,9.999999747378752e-05,,,,100.0
2253,-1.7545446157455444,0.949999988079071,135.0,1.1532267332077026,0.0019584426190704107,9.999999747378752e-05,,,,100.0
2254,-1.7507121562957764,0.9399999976158142,135.0,1.1433851718902588,0.001073935767635703,9.999999747378752e-05,,,,100.0
2255,-1.742728590965271,0.9399999976158142,135.0,1.1758418083190918,0.001517021213658154,9.999999747378752e-05,,,,100.0
2256,-1.7384358644485474,0.9399999976158142,135.0,1.1544750928878784,0.0027474567759782076,9.999999747378752e-05,,,,100.0
2257,-1.726362943649292,0.9399999976158142,135.0,1.156046748161316,0.0016949815908446908,9.999999747378752e-05,,,,100.0
2258,-1.7221075296401978,0.9300000071525574,135.0,1.1398547887802124,0.0011639012955129147,9.999999747378752e-05,,,,100.0
2259,-1.7372424602508545,0.9100000262260437,135.0,1.160047173500061,0.0013666413724422455,9.999999747378752e-05,,,,100.0
2260,-1.7451426982879639,0.8999999761581421,135.0,1.1643449068069458,0.0008777070324867964,9.999999747378752e-05,,,,100.0
2261,-1.7541533708572388,0.8799999952316284,135.0,1.1616110801696777,0.0010113436728715897,9.999999747378752e-05,,,,100.0
2262,-1.7668908834457397,0.8799999952316284,135.0,1.1568771600723267,0.0011154328240081668,9.999999747378752e-05,,,,100.0
2263,-1.7612178325653076,0.8799999952316284,135.0,1.1614874601364136,0.0011381543008610606,9.999999747378752e-05,,,,100.0
2264,-1.7596062421798706,0.8799999952316284,135.0,1.165158987045288,0.0011784028029069304,9.999999747378752e-05,,,,100.0
2265,-1.7520440816879272,0.8799999952316284,135.0,1.1583917140960693,0.001365825766697526,9.999999747378752e-05,,,,100.0
2266,-1.7506215572357178,0.8700000047683716,135.0,1.1397024393081665,0.0010692040668800473,9.999999747378752e-05,,,,100.0
2267,-1.7484159469604492,0.8700000047683716,135.0,1.1684893369674683,0.0009668031125329435,9.999999747378752e-05,,,,100.0
2268,-1.7395761013031006,0.8700000047683716,135.0,1.17035710811615,0.0010420180624350905,9.999999747378752e-05,,,,100.0
2269,-1.731308937072754,0.8600000143051147,135.0,1.1794542074203491,0.0011657042196020484,9.999999747378752e-05,,,,100.0
2270,-1.726357340812683,0.8600000143051147,135.0,1.166773796081543,0.000988217070698738,9.999999747378752e-05,,,,100.0
2271,-1.7236428260803223,0.8600000143051147,135.0,1.1647504568099976,0.000974436872638762,9.999999747378752e-05,,,,100.0
2272,-1.7182379961013794,0.8600000143051147,135.0,1.1657408475875854,0.0010429801186546683,9.999999747378752e-05,,,,100.0
2273,-1.7165563106536865,0.8600000143051147,135.0,1.1415787935256958,0.0008412785828113556,9.999999747378752e-05,,,,100.0
2274,-1.7159322500228882,0.8600000143051147,135.0,1.1493350267410278,0.0009404778247699142,9.999999747378752e-05,,,,100.0
2275,-1.7131067514419556,0.8600000143051147,135.0,1.1520464420318604,0.0010884786024689674,9.999999747378752e-05,,,,100.0
2276,-1.7046971321105957,0.8899999856948853,135.0,1.1460461616516113,0.0009324455168098211,9.999999747378752e-05,,,,100.0
2277,-1.690185308456421,0.8999999761581421,135.0,1.135817289352417,0.000937976292334497,9.999999747378752e-05,,,,100.0
2278,-1.6814042329788208,0.9100000262260437,135.0,1.1512999534606934,0.0012212053406983614,9.999999747378752e-05,,,,100.0
2279,-1.6823976039886475,0.9200000166893005,135.0,1.130703091621399,0.001331944135017693,9.999999747378752e-05,,,,100.0
2280,-1.69288170337677,0.9100000262260437,135.0,1.1418960094451904,0.0011539484839886427,9.999999747378752e-05,,,,100.0
2281,-1.697983980178833,0.9100000262260437,135.0,1.1431602239608765,0.0012530956882983446,9.999999747378752e-05,,,,100.0
2282,-1.709106206893921,0.8999999761581421,135.0,1.1465224027633667,0.0012473188107833266,9.999999747378752e-05,,,,100.0
2283,-1.7106038331985474,0.9100000262260437,135.0,1.1509017944335938,0.0008378938655368984,9.999999747378752e-05,,,,100.0
2284,-1.70387864112854,0.9200000166893005,135.0,1.148825764656067,0.001160516170784831,9.999999747378752e-05,,,,100.0
2285,-1.698210597038269,0.9300000071525574,135.0,1.1378322839736938,0.0010774243855848908,9.999999747378752e-05,,,,100.0
2286,-1.6972768306732178,0.949999988079071,135.0,1.135360836982727,0.0014436094788834453,9.999999747378752e-05,,,,100.0
2287,-1.6820164918899536,0.949999988079071,135.0,1.1603306531906128,0.0013989396393299103,9.999999747378752e-05,,,,100.0
2288,-1.682878851890564,0.9399999976158142,135.0,1.1244516372680664,0.0010569737059995532,9.999999747378752e-05,,,,100.0
2289,-1.687363862991333,0.9399999976158142,135.0,1.137897253036499,0.0008644214831292629,9.999999747378752e-05,,,,100.0
2290,-1.688183307647705,0.9399999976158142,135.0,1.1412650346755981,0.003947058226913214,9.999999747378752e-05,,,,100.0
2291,-1.6895805597305298,0.949999988079071,135.0,1.1508214473724365,0.0009843813022598624,9.999999747378752e-05,,,,100.0
2292,-1.6947126388549805,0.9399999976158142,135.0,1.14676034450531,0.0010947257978841662,9.999999747378752e-05,,,,100.0
2293,-1.6928313970565796,0.9300000071525574,135.0,1.1695756912231445,0.0010222633136436343,9.999999747378752e-05,,,,100.0
2294,-1.6886004209518433,0.9100000262260437,135.0,1.167140245437622,0.0011426801793277264,9.999999747378752e-05,,,,100.0
2295,-1.6896142959594727,0.8899999856948853,135.0,1.1689889430999756,0.0010663860011845827,9.999999747378752e-05,,,,100.0
2296,-1.6885567903518677,0.8899999856948853,135.0,1.1716290712356567,0.0011012370232492685,9.999999747378752e-05,,,,100.0
2297,-1.7006853818893433,0.8700000047683716,135.0,1.170180320739746,0.0021987780928611755,9.999999747378752e-05,,,,100.0
2298,-1.6955084800720215,0.8399999737739563,135.0,1.1438976526260376,0.0009844092419371009,9.999999747378752e-05,,,,100.0
2299,-1.683894395828247,0.8299999833106995,135.0,1.1510090827941895,0.001350806443952024,9.999999747378752e-05,,,,100.0
2300,-1.6798139810562134,0.8100000023841858,135.0,1.1528136730194092,0.001066976343281567,9.999999747378752e-05,,,,100.0
2301,-1.676857590675354,0.7900000214576721,135.0,1.152229905128479,0.0017221084563061595,9.999999747378752e-05,,,,100.0
2302,-1.681923270225525,0.7699999809265137,135.0,1.1454336643218994,0.0009471327066421509,9.999999747378752e-05,,,,100.0
2303,-1.6849288940429688,0.7599999904632568,135.0,1.181193232536316,0.0012404705630615354,9.999999747378752e-05,,,,100.0
2304,-1.682153582572937,0.7599999904632568,135.0,1.1588391065597534,0.0015647956170141697,9.999999747378752e-05,,,,100.0
2305,-1.6718294620513916,0.7699999809265137,135.0,1.146697759628296,0.0008372657466679811,9.999999747378752e-05,,,,100.0
2306,-1.665445327758789,0.7699999809265137,135.0,1.159511685371399,0.0011402348754927516,9.999999747378752e-05,,,,100.0
2307,-1.6517988443374634,0.75,135.0,1.1352686882019043,0.0013769003562629223,9.999999747378752e-05,,,,100.0
2308,-1.646347165107727,0.7400000095367432,135.0,1.1578963994979858,0.000965504499617964,9.999999747378752e-05,,,,100.0
2309,-1.6332420110702515,0.7400000095367432,135.0,1.166003942489624,0.0016353674000129104,9.999999747378752e-05,,,,100.0
2310,-1.637905478477478,0.7300000190734863,135.0,1.160746455192566,0.0008531516650691628,9.999999747378752e-05,,,,100.0
2311,-1.6288810968399048,0.7300000190734863,135.0,1.1537625789642334,0.002143969526514411,9.999999747378752e-05,,,,100.0
2312,-1.6329737901687622,0.7200000286102295,135.0,1.1514970064163208,0.0014230222441256046,9.999999747378752e-05,,,,100.0
2313,-1.6390607357025146,0.7200000286102295,135.0,1.1354056596755981,0.0009174387669190764,9.999999747378752e-05,,,,100.0
2314,-1.6472135782241821,0.699999988079071,135.0,1.1364482641220093,0.0017060087993741035,9.999999747378752e-05,,,,100.0
2315,-1.6484955549240112,0.6700000166893005,135.0,1.14048433303833,0.0006963548366911709,9.999999747378752e-05,,,,100.0
2316,-1.6467840671539307,0.6499999761581421,135.0,1.1453189849853516,0.001000497373752296,9.999999747378752e-05,,,,100.0
2317,-1.6464146375656128,0.6399999856948853,135.0,1.1514853239059448,0.0014458969235420227,9.999999747378752e-05,,,,100.0
2318,-1.649096131324768,0.6399999856948853,135.0,1.1404874324798584,0.0011499281972646713,9.999999747378752e-05,,,,100.0
2319,-1.6468955278396606,0.6600000262260437,135.0,1.1629002094268799,0.0011060533579438925,9.999999747378752e-05,,,,100.0
2320,-1.6428290605545044,0.6800000071525574,135.0,1.1320481300354004,0.0008337202598340809,9.999999747378752e-05,,,,100.0
2321,-1.652045726776123,0.6700000166893005,135.0,1.1301963329315186,0.001240418292582035,9.999999747378752e-05,,,,100.0
2322,-1.655706763267517,0.6800000071525574,135.0,1.1095179319381714,0.0009260494844056666,9.999999747378752e-05,,,,100.0
2323,-1.6731793880462646,0.7099999785423279,135.0,1.1375116109848022,0.002096939366310835,9.999999747378752e-05,,,,100.0
2324,-1.6786531209945679,0.7200000286102295,135.0,1.116085171699524,0.0008122282451950014,9.999999747378752e-05,,,,100.0
2325,-1.6825737953186035,0.7200000286102295,135.0,1.1563445329666138,0.0011220884043723345,9.999999747378752e-05,,,,100.0
2326,-1.6892189979553223,0.7200000286102295,135.0,1.1498878002166748,0.000997779075987637,9.999999747378752e-05,,,,100.0
2327,-1.6943470239639282,0.7300000190734863,135.0,1.1311237812042236,0.0011555652599781752,9.999999747378752e-05,,,,100.0
2328,-1.6980254650115967,0.7400000095367432,135.0,1.1459964513778687,0.0011700702598318458,9.999999747378752e-05,,,,100.0
2329,-1.7007102966308594,0.7400000095367432,135.0,1.1582313776016235,0.0009125758078880608,9.999999747378752e-05,,,,100.0
2330,-1.7070220708847046,0.7400000095367432,135.0,1.1443909406661987,0.001238413737155497,9.999999747378752e-05,,,,100.0
2331,-1.7141408920288086,0.7400000095367432,135.0,1.1381008625030518,0.0013320284197106957,9.999999747378752e-05,,,,100.0
2332,-1.7139997482299805,0.7699999809265137,135.0,1.1401169300079346,0.0018539797747507691,9.999999747378752e-05,,,,100.0
2333,-1.7230273485183716,0.7699999809265137,135.0,1.1518073081970215,0.000955019670072943,9.999999747378752e-05,,,,100.0
2334,-1.7243605852127075,0.7799999713897705,135.0,1.1269805431365967,0.001026623067446053,9.999999747378752e-05,,,,100.0
2335,-1.7157201766967773,0.7799999713897705,135.0,1.167659878730774,0.0010098733473569155,9.999999747378752e-05,,,,100.0
2336,-1.7140549421310425,0.7799999713897705,135.0,1.125248670578003,0.001032595057040453,9.999999747378752e-05,,,,100.0
2337,-1.7103683948516846,0.7900000214576721,135.0,1.1472660303115845,0.0019297722028568387,9.999999747378752e-05,,,,100.0
2338,-1.6943994760513306,0.800000011920929,135.0,1.140339732170105,0.0014276342699304223,9.999999747378752e-05,,,,100.0
2339,-1.681232213973999,0.8199999928474426,135.0,1.1474101543426514,0.0009926058119162917,9.999999747378752e-05,,,,100.0
2340,-1.6818015575408936,0.8500000238418579,135.0,1.1305036544799805,0.0009548144298605621,9.999999747378752e-05,,,,100.0
2341,-1.6727577447891235,0.8700000047683716,135.0,1.1624335050582886,0.0013292175717651844,9.999999747378752e-05,,,,100.0
2342,-1.6665318012237549,0.8899999856948853,135.0,1.1488306522369385,0.0010515606263652444,9.999999747378752e-05,,,,100.0
2343,-1.6577649116516113,0.8999999761581421,135.0,1.1436307430267334,0.0009205746464431286,9.999999747378752e-05,,,,100.0
2344,-1.651004672050476,0.9100000262260437,135.0,1.149978756904602,0.0013699273113161325,9.999999747378752e-05,,,,100.0
2345,-1.6585222482681274,0.9100000262260437,135.0,1.1347285509109497,0.00226805848069489,9.999999747378752e-05,,,,100.0
2346,-1.642329216003418,0.9100000262260437,135.0,1.1390366554260254,0.0013361413730308414,9.999999747378752e-05,,,,100.0
2347,-1.6252100467681885,0.9200000166893005,135.0,1.133797287940979,0.0009691971936263144,9.999999747378752e-05,,,,100.0
2348,-1.6086547374725342,0.9200000166893005,135.0,1.1175434589385986,0.001069550635293126,9.999999747378752e-05,,,,100.0
2349,-1.6042706966400146,0.9200000166893005,135.0,1.131740927696228,0.0010459008626639843,9.999999747378752e-05,,,,100.0
2350,-1.5937995910644531,0.9399999976158142,135.0,1.1307564973831177,0.001154883997514844,9.999999747378752e-05,,,,100.0
2351,-1.5864235162734985,0.9599999785423279,135.0,1.1309046745300293,0.001033673994243145,9.999999747378752e-05,,,,100.0
2352,-1.5860918760299683,0.9700000286102295,135.0,1.1079050302505493,0.0011497497325763106,9.999999747378752e-05,,,,100.0
2353,-1.5935032367706299,0.9700000286102295,135.0,1.1311708688735962,0.0016161359380930662,9.999999747378752e-05,,,,100.0
2354,-1.5984883308410645,0.9599999785423279,135.0,1.1406452655792236,0.0013628110755234957,9.999999747378752e-05,,,,100.0
2355,-1.5925244092941284,0.9599999785423279,135.0,1.1465736627578735,0.0008678603917360306,9.999999747378752e-05,,,,100.0
2356,-1.5790891647338867,0.949999988079071,135.0,1.1563496589660645,0.0017036448698490858,9.999999747378752e-05,,,,100.0
2357,-1.5751956701278687,0.9399999976158142,135.0,1.1604061126708984,0.0010097897611558437,9.999999747378752e-05,,,,100.0
2358,-1.5700900554656982,0.9300000071525574,135.0,1.1351337432861328,0.0008069841424003243,9.999999747378752e-05,,,,100.0
2359,-1.571276307106018,0.9300000071525574,135.0,1.1205517053604126,0.001227711676619947,9.999999747378752e-05,,,,100.0
2360,-1.5712405443191528,0.9399999976158142,135.0,1.1220499277114868,0.001256774179637432,9.999999747378752e-05,,,,100.0
2361,-1.5763988494873047,0.9300000071525574,135.0,1.149690866470337,0.0012939554871991277,9.999999747378752e-05,,,,100.0
2362,-1.5743669271469116,0.9200000166893005,135.0,1.1260677576065063,0.0008388605783693492,9.999999747378752e-05,,,,100.0
2363,-1.58053719997406,0.9100000262260437,135.0,1.1403436660766602,0.0008092504576779902,9.999999747378752e-05,,,,100.0
2364,-1.5973860025405884,0.9100000262260437,135.0,1.106806993484497,0.001332213287241757,9.999999747378752e-05,,,,100.0
2365,-1.6138972043991089,0.9100000262260437,135.0,1.1230990886688232,0.0009833070216700435,9.999999747378752e-05,,,,100.0
2366,-1.6308332681655884,0.8999999761581421,135.0,1.1279278993606567,0.0018694375175982714,9.999999747378752e-05,,,,100.0
2367,-1.6361547708511353,0.8899999856948853,135.0,1.1307576894760132,0.0008933335193432868,9.999999747378752e-05,,,,100.0
2368,-1.6446393728256226,0.8899999856948853,135.0,1.1137781143188477,0.0007474473095498979,9.999999747378752e-05,,,,100.0
2369,-1.6559067964553833,0.8899999856948853,135.0,1.1361699104309082,0.001201073988340795,9.999999747378752e-05,,,,100.0
2370,-1.6480395793914795,0.8700000047683716,135.0,1.1394705772399902,0.0013160285307094455,9.999999747378752e-05,,,,100.0
2371,-1.6573867797851562,0.8600000143051147,135.0,1.1515746116638184,0.001324524637311697,9.999999747378752e-05,,,,100.0
2372,-1.6588677167892456,0.8399999737739563,135.0,1.1065683364868164,0.001092567341402173,9.999999747378752e-05,,,,100.0
2373,-1.6584844589233398,0.8299999833106995,135.0,1.0904630422592163,0.0010453504510223866,9.999999747378752e-05,,,,100.0
2374,-1.6566503047943115,0.8199999928474426,135.0,1.1212059259414673,0.000998364295810461,9.999999747378752e-05,,,,100.0
2375,-1.6632463932037354,0.8100000023841858,135.0,1.1029623746871948,0.0007972712628543377,9.999999747378752e-05,,,,100.0
2376,-1.6655675172805786,0.800000011920929,135.0,1.1274062395095825,0.0010237202513962984,9.999999747378752e-05,,,,100.0
2377,-1.6605198383331299,0.800000011920929,135.0,1.1287169456481934,0.0018489658832550049,9.999999747378752e-05,,,,100.0
2378,-1.6735364198684692,0.7900000214576721,135.0,1.1281651258468628,0.0018373464699834585,9.999999747378752e-05,,,,100.0
2379,-1.6620607376098633,0.800000011920929,135.0,1.119106411933899,0.0007581470417790115,9.999999747378752e-05,,,,100.0
2380,-1.6596862077713013,0.800000011920929,135.0,1.114737629890442,0.0009247817215509713,9.999999747378752e-05,,,,100.0
2381,-1.6579833030700684,0.800000011920929,135.0,1.109301209449768,0.0009674358880147338,9.999999747378752e-05,,,,100.0
2382,-1.6561819314956665,0.8100000023841858,135.0,1.0969947576522827,0.0013685115845873952,9.999999747378752e-05,,,,100.0
2383,-1.6553969383239746,0.8199999928474426,135.0,1.1037756204605103,0.0009531296091154218,9.999999747378752e-05,,,,100.0
2384,-1.654063105583191,0.8100000023841858,135.0,1.1040195226669312,0.0007790670497342944,9.999999747378752e-05,,,,100.0
2385,-1.656869649887085,0.8100000023841858,135.0,1.1005529165267944,0.0011053822236135602,9.999999747378752e-05,,,,100.0
2386,-1.6582233905792236,0.8199999928474426,135.0,1.116562843322754,0.0015781453112140298,9.999999747378752e-05,,,,100.0
2387,-1.660597562789917,0.8299999833106995,135.0,1.1221808195114136,0.0008112050127238035,9.999999747378752e-05,,,,100.0
2388,-1.666961669921875,0.8299999833106995,135.0,1.1422683000564575,0.0008274249266833067,9.999999747378752e-05,,,,100.0
2389,-1.6495381593704224,0.8100000023841858,135.0,1.1177626848220825,0.0009645211393944919,9.999999747378752e-05,,,,100.0
2390,-1.6283293962478638,0.8100000023841858,135.0,1.1163281202316284,0.0009793766075745225,9.999999747378752e-05,,,,100.0
2391,-1.6151087284088135,0.8100000023841858,135.0,1.1236658096313477,0.0013533569872379303,9.999999747378752e-05,,,,100.0
2392,-1.6177101135253906,0.8100000023841858,135.0,1.1309269666671753,0.0009679201175458729,9.999999747378752e-05,,,,100.0
2393,-1.6155740022659302,0.8100000023841858,135.0,1.1560211181640625,0.001066605094820261,9.999999747378752e-05,,,,100.0
2394,-1.6209063529968262,0.8100000023841858,135.0,1.1277546882629395,0.0011230611708015203,9.999999747378752e-05,,,,100.0
2395,-1.6209734678268433,0.8199999928474426,135.0,1.147435188293457,0.0012019112473353744,9.999999747378752e-05,,,,100.0
2396,-1.623637318611145,0.8399999737739563,135.0,1.1404949426651,0.0012544005876407027,9.999999747378752e-05,,,,100.0
2397,-1.6244693994522095,0.8399999737739563,135.0,1.1175721883773804,0.00078866898547858,9.999999747378752e-05,,,,100.0
2398,-1.626024842262268,0.8399999737739563,135.0,1.142158031463623,0.0008095908560790122,9.999999747378752e-05,,,,100.0
2399,-1.6307353973388672,0.8199999928474426,135.0,1.1355938911437988,0.0007589873275719583,9.999999747378752e-05,,,,100.0
2400,-1.6302683353424072,0.8299999833106995,135.0,1.1307767629623413,0.000958878779783845,9.999999747378752e-05,,,,100.0
2401,-1.6185450553894043,0.8399999737739563,135.0,1.1304031610488892,0.0009338930831290781,9.999999747378752e-05,,,,100.0
2402,-1.6332058906555176,0.8399999737739563,135.0,1.1236077547073364,0.0031893958803266287,9.999999747378752e-05,,,,100.0
2403,-1.6085737943649292,0.8500000238418579,135.0,1.1072014570236206,0.0008823066600598395,9.999999747378752e-05,,,,100.0
2404,-1.6116833686828613,0.8500000238418579,135.0,1.130608320236206,0.0012101761531084776,9.999999747378752e-05,,,,100.0
2405,-1.6181213855743408,0.8500000238418579,135.0,1.1262338161468506,0.0009944528574123979,9.999999747378752e-05,,,,100.0
2406,-1.6191514730453491,0.8600000143051147,135.0,1.111708641052246,0.003363995812833309,9.999999747378752e-05,,,,100.0
2407,-1.6222213506698608,0.8600000143051147,135.0,1.1219674348831177,0.0008274121209979057,9.999999747378752e-05,,,,100.0
2408,-1.6231507062911987,0.8700000047683716,135.0,1.1070950031280518,0.0010236009256914258,9.999999747378752e-05,,,,100.0
2409,-1.6183363199234009,0.8799999952316284,135.0,1.1208120584487915,0.000995180569589138,9.999999747378752e-05,,,,100.0
2410,-1.6168575286865234,0.8700000047683716,135.0,1.1238925457000732,0.0008417003555223346,9.999999747378752e-05,,,,100.0
2411,-1.613706111907959,0.8700000047683716,135.0,1.087522268295288,0.0007654803921468556,9.999999747378752e-05,,,,100.0
2412,-1.6150628328323364,0.8700000047683716,135.0,1.0965983867645264,0.002019440522417426,9.999999747378752e-05,,,,100.0
2413,-1.6072293519973755,0.8799999952316284,135.0,1.095560908317566,0.001222988241352141,9.999999747378752e-05,,,,100.0
2414,-1.6108348369598389,0.8899999856948853,135.0,1.108208417892456,0.0011816247133538127,9.999999747378752e-05,,,,100.0
2415,-1.6164690256118774,0.8899999856948853,135.0,1.1038036346435547,0.000958258518949151,9.999999747378752e-05,,,,100.0
2416,-1.6198532581329346,0.8999999761581421,135.0,1.0911140441894531,0.001045628567226231,9.999999747378752e-05,,,,100.0
2417,-1.6155962944030762,0.9100000262260437,135.0,1.0781128406524658,0.0012849014019593596,9.999999747378752e-05,,,,100.0
2418,-1.6220221519470215,0.9100000262260437,135.0,1.087256669998169,0.0011161845177412033,9.999999747378752e-05,,,,100.0
2419,-1.6124889850616455,0.8999999761581421,135.0,1.1167700290679932,0.0015135726425796747,9.999999747378752e-05,,,,100.0
2420,-1.6107008457183838,0.9100000262260437,135.0,1.0869015455245972,0.0011418713256716728,9.999999747378752e-05,,,,100.0
2421,-1.6032402515411377,0.9100000262260437,135.0,1.0888135433197021,0.0015037248376756907,9.999999747378752e-05,,,,100.0
2422,-1.5989527702331543,0.9300000071525574,135.0,1.0880117416381836,0.0010245887096971273,9.999999747378752e-05,,,,100.0
2423,-1.5976002216339111,0.9300000071525574,135.0,1.0940994024276733,0.0017444845288991928,9.999999747378752e-05,,,,100.0
2424,-1.593146800994873,0.9599999785423279,135.0,1.1069353818893433,0.0011929416796192527,9.999999747378752e-05,,,,100.0
2425,-1.587789535522461,0.9599999785423279,135.0,1.1073801517486572,0.0011199935106560588,9.999999747378752e-05,,,,100.0
2426,-1.602453589439392,0.949999988079071,135.0,1.0998454093933105,0.0039747911505401134,9.999999747378752e-05,,,,100.0
2427,-1.5868281126022339,0.949999988079071,135.0,1.0859057903289795,0.0009076705318875611,9.999999747378752e-05,,,,100.0
2428,-1.5895874500274658,0.949999988079071,135.0,1.0860644578933716,0.0008728796383365989,9.999999747378752e-05,,,,100.0
2429,-1.5851566791534424,0.949999988079071,135.0,1.0776872634887695,0.0010483184596523643,9.999999747378752e-05,,,,100.0
2430,-1.5815844535827637,0.9399999976158142,135.0,1.0967313051223755,0.0012275135377421975,9.999999747378752e-05,,,,100.0
2431,-1.589612603187561,0.9399999976158142,135.0,1.1165703535079956,0.0009023172897286713,9.999999747378752e-05,,,,100.0
2432,-1.598106026649475,0.9399999976158142,135.0,1.094873309135437,0.0018085127230733633,9.999999747378752e-05,,,,100.0
2433,-1.5978657007217407,0.9399999976158142,135.0,1.0948950052261353,0.0009581873309798539,9.999999747378752e-05,,,,100.0
2434,-1.6056995391845703,0.9399999976158142,135.0,1.1008058786392212,0.0013662787387147546,9.999999747378752e-05,,,,100.0
2435,-1.6015170812606812,0.949999988079071,135.0,1.0953418016433716,0.0008169309003278613,9.999999747378752e-05,,,,100.0
2436,-1.598154902458191,0.949999988079071,135.0,1.0924510955810547,0.0013511382276192307,9.999999747378752e-05,,,,100.0
2437,-1.5883101224899292,0.949999988079071,135.0,1.097824215888977,0.000928737223148346,9.999999747378752e-05,,,,100.0
2438,-1.590509295463562,0.949999988079071,135.0,1.1008696556091309,0.0012140636099502444,9.999999747378752e-05,,,,100.0
2439,-1.5870240926742554,0.9599999785423279,135.0,1.085749626159668,0.0011238413862884045,9.999999747378752e-05,,,,100.0
2440,-1.5856188535690308,0.9599999785423279,135.0,1.0764247179031372,0.0009499646257609129,9.999999747378752e-05,,,,100.0
2441,-1.586421251296997,0.9599999785423279,135.0,1.082614779472351,0.001461041159927845,9.999999747378752e-05,,,,100.0
2442,-1.5921711921691895,0.9599999785423279,135.0,1.0724161863327026,0.0008252621628344059,9.999999747378752e-05,,,,100.0
2443,-1.5867282152175903,0.9599999785423279,135.0,1.0801312923431396,0.0008023245027288795,9.999999747378752e-05,,,,100.0
2444,-1.5816929340362549,0.9700000286102295,135.0,1.089804768562317,0.001039814087562263,9.999999747378752e-05,,,,100.0
2445,-1.5872724056243896,0.9700000286102295,135.0,1.0716975927352905,0.0015728211728855968,9.999999747378752e-05,,,,100.0
2446,-1.5928338766098022,0.9700000286102295,135.0,1.0898563861846924,0.0012726514833047986,9.999999747378752e-05,,,,100.0
2447,-1.610513687133789,0.9700000286102295,135.0,1.0909548997879028,0.0012438815319910645,9.999999747378752e-05,,,,100.0
2448,-1.6131415367126465,0.9800000190734863,135.0,1.0920944213867188,0.0009354163776151836,9.999999747378752e-05,,,,100.0
2449,-1.6192771196365356,0.9800000190734863,135.0,1.1026413440704346,0.0012493105605244637,9.999999747378752e-05,,,,100.0
2450,-1.6284195184707642,0.9700000286102295,135.0,1.087824821472168,0.0008518386748619378,9.999999747378752e-05,,,,100.0
2451,-1.6202791929244995,0.9800000190734863,135.0,1.088552474975586,0.0010441223857924342,9.999999747378752e-05,,,,100.0
2452,-1.6273014545440674,0.9599999785423279,135.0,1.082478642463684,0.000871875905431807,9.999999747378752e-05,,,,100.0
2453,-1.6266541481018066,0.9399999976158142,135.0,1.0876773595809937,0.0015770567115396261,9.999999747378752e-05,,,,100.0
2454,-1.6412655115127563,0.9399999976158142,135.0,1.083026647567749,0.000864621193613857,9.999999747378752e-05,,,,100.0
2455,-1.653052806854248,0.9399999976158142,135.0,1.0721465349197388,0.0011348383268341422,9.999999747378752e-05,,,,100.0
2456,-1.6583436727523804,0.9399999976158142,135.0,1.0974253416061401,0.0009640829521231353,9.999999747378752e-05,,,,100.0
2457,-1.6504923105239868,0.9300000071525574,135.0,1.0731139183044434,0.0007946145487949252,9.999999747378752e-05,,,,100.0
2458,-1.652103066444397,0.9200000166893005,135.0,1.064597487449646,0.0011014111805707216,9.999999747378752e-05,,,,100.0
2459,-1.657538652420044,0.9100000262260437,135.0,1.079310417175293,0.0010334901744499803,9.999999747378752e-05,,,,100.0
2460,-1.6633703708648682,0.8999999761581421,135.0,1.0846538543701172,0.0010370145319029689,9.999999747378752e-05,,,,100.0
2461,-1.6805821657180786,0.8700000047683716,135.0,1.097489595413208,0.0014046960277482867,9.999999747378752e-05,,,,100.0
2462,-1.692283272743225,0.8600000143051147,135.0,1.0960811376571655,0.0010244258446618915,9.999999747378752e-05,,,,100.0
2463,-1.6946707963943481,0.8500000238418579,135.0,1.1078964471817017,0.0011223858455196023,9.999999747378752e-05,,,,100.0
2464,-1.7067936658859253,0.8500000238418579,135.0,1.0847938060760498,0.0012855614768341184,9.999999747378752e-05,,,,100.0
2465,-1.7099943161010742,0.8399999737739563,135.0,1.0810587406158447,0.0014934156788513064,9.999999747378752e-05,,,,100.0
2466,-1.7125587463378906,0.8399999737739563,135.0,1.0905756950378418,0.0007934529567137361,9.999999747378752e-05,,,,100.0
2467,-1.7175754308700562,0.8399999737739563,135.0,1.0793728828430176,0.0008733483264222741,9.999999747378752e-05,,,,100.0
2468,-1.7149291038513184,0.8399999737739563,135.0,1.0895897150039673,0.0010551337618380785,9.999999747378752e-05,,,,100.0
2469,-1.7250131368637085,0.8399999737739563,135.0,1.0972599983215332,0.0014247847720980644,9.999999747378752e-05,,,,100.0
2470,-1.724088430404663,0.8399999737739563,135.0,1.099819302558899,0.0008612304227426648,9.999999747378752e-05,,,,100.0
2471,-1.7272160053253174,0.8299999833106995,135.0,1.0687787532806396,0.0009049548534676433,9.999999747378752e-05,,,,100.0
2472,-1.7154828310012817,0.8299999833106995,135.0,1.0955407619476318,0.0017794891027733684,9.999999747378752e-05,,,,100.0
2473,-1.7086231708526611,0.8199999928474426,135.0,1.0743619203567505,0.0006661092629656196,9.999999747378752e-05,,,,100.0
2474,-1.710536003112793,0.8199999928474426,135.0,1.0790210962295532,0.00089511793339625,9.999999747378752e-05,,,,100.0
2475,-1.713376760482788,0.8199999928474426,135.0,1.0611639022827148,0.0009270937298424542,9.999999747378752e-05,,,,100.0
2476,-1.7158077955245972,0.8100000023841858,135.0,1.08856201171875,0.0009480856242589653,9.999999747378752e-05,,,,100.0
2477,-1.7185112237930298,0.8299999833106995,135.0,1.0905290842056274,0.0008226503850892186,9.999999747378752e-05,,,,100.0
2478,-1.7200340032577515,0.8399999737739563,135.0,1.0759791135787964,0.0011598569108173251,9.999999747378752e-05,,,,100.0
2479,-1.7158921957015991,0.8399999737739563,135.0,1.0992494821548462,0.001199689693748951,9.999999747378752e-05,,,,100.0
2480,-1.7093640565872192,0.8500000238418579,135.0,1.0891884565353394,0.0011523946886882186,9.999999747378752e-05,,,,100.0
2481,-1.7115832567214966,0.8299999833106995,135.0,1.1006420850753784,0.0013709835475310683,9.999999747378752e-05,,,,100.0
2482,-1.7243061065673828,0.8299999833106995,135.0,1.0946829319000244,0.0009092898108065128,9.999999747378752e-05,,,,100.0
2483,-1.723656177520752,0.8399999737739563,135.0,1.1074347496032715,0.0010803256882354617,9.999999747378752e-05,,,,100.0
2484,-1.7182459831237793,0.8500000238418579,135.0,1.0890053510665894,0.0015187752433121204,9.999999747378752e-05,,,,100.0
2485,-1.7225730419158936,0.8600000143051147,135.0,1.091149926185608,0.001201051869429648,9.999999747378752e-05,,,,100.0
2486,-1.7097662687301636,0.8899999856948853,135.0,1.0963820219039917,0.0014127326430752873,9.999999747378752e-05,,,,100.0
2487,-1.7103943824768066,0.8999999761581421,135.0,1.0657962560653687,0.000992984278127551,9.999999747378752e-05,,,,100.0
2488,-1.7111773490905762,0.9100000262260437,135.0,1.0877364873886108,0.0010974393226206303,9.999999747378752e-05,,,,100.0
2489,-1.7002229690551758,0.9100000262260437,135.0,1.0698890686035156,0.0011060734977945685,9.999999747378752e-05,,,,100.0
2490,-1.7041412591934204,0.9200000166893005,135.0,1.080041527748108,0.0013448111712932587,9.999999747378752e-05,,,,100.0
2491,-1.7169321775436401,0.9200000166893005,135.0,1.0756328105926514,0.0010674475925043225,9.999999747378752e-05,,,,100.0
2492,-1.7008956670761108,0.9200000166893005,135.0,1.0829962491989136,0.000695952563546598,9.999999747378752e-05,,,,100.0
2493,-1.697179913520813,0.9200000166893005,135.0,1.0894695520401,0.0010092672891914845,9.999999747378752e-05,,,,100.0
2494,-1.6915473937988281,0.9200000166893005,135.0,1.0846779346466064,0.0009352965862490237,9.999999747378752e-05,,,,100.0
2495,-1.6829501390457153,0.9200000166893005,135.0,1.0792161226272583,0.001199861173518002,9.999999747378752e-05,,,,100.0
2496,-1.6782007217407227,0.9300000071525574,135.0,1.1075472831726074,0.0010181363904848695,9.999999747378752e-05,,,,100.0
2497,-1.6820377111434937,0.9300000071525574,135.0,1.1098240613937378,0.001989690586924553,9.999999747378752e-05,,,,100.0
2498,-1.6957978010177612,0.9399999976158142,135.0,1.0951493978500366,0.0012463659513741732,9.999999747378752e-05,,,,100.0
2499,-1.6960411071777344,0.9399999976158142,135.0,1.0946109294891357,0.0010765002807602286,9.999999747378752e-05,,,,100.0
